151001	143.244	1297.9851
151002	143.23921	1297.9777
151003	143.25132	1297.9763
151004	143.23709	1298.0006
151005	143.23313	1297.9667
151006	143.23842	1297.9788
151007	143.23754	1297.9648
151008	143.2265	1297.978
151009	143.23493	1297.9862
151010	143.23176	1297.973
151011	143.23583	1297.969
151012	143.24406	1297.9712
151013	143.23542	1297.9684
151014	143.24324	1297.9638
151015	143.22776	1297.958
151016	143.22649	1297.9688
151017	143.2232	1297.9578
151018	143.23592	1297.9669
151019	143.23889	1297.9718
151020	143.24543	1297.978
151021	143.2378	1297.963
151022	143.2411	1297.9885
151023	143.24228	1297.9738
151024	143.23623	1297.9641
151025	143.22994	1297.9746
151026	143.23026	1297.9821
151027	143.24759	1297.9859
151028	143.24247	1297.9768
151029	143.15661	1298.0569
151030	143.16722	1298.1981
151031	143.23497	1297.8301
151032	143.48851	1297.8851
151033	143.19249	1297.9956
151034	143.21106	1298.0402
151035	143.29696	1298.0455
151036	143.16069	1297.8511
151037	143.31462	1298.0971
151038	143.16191	1297.9795
151039	143.39611	1297.8964
151040	143.2579	1297.9777
151041	143.26217	1297.9777
151042	143.26098	1297.9777
151043	143.25737	1297.9777
151044	143.3552	1297.9172
151045	143.23699	1297.9532
151046	143.31086	1298.0112
151047	143.17761	1298.0126
151048	143.24681	1298.0248
151049	143.29957	1297.9489
151050	143.24055	1297.9374
151051	143.32018	1297.9964
151052	143.1926	1297.9484
151053	143.2699	1298.0315
151054	143.22089	1297.9714
151055	143.25106	1297.9791
151056	143.31595	1297.984
151057	143.24355	1297.9252
151058	143.26128	1297.9965
151059	143.24315	1298.0095
151060	143.2406	1297.9849
151061	143.27026	1297.9679
151062	143.29119	1297.9573
151063	143.23647	1297.966
151064	143.26328	1297.9887
151065	143.22824	1297.9948
151066	143.25738	1297.9732
151067	143.29011	1297.9746
151068	143.2555	1297.9382
151069	143.30556	1298.0014
151070	143.22561	1297.9814
151071	143.26412	1297.9943
151072	143.25505	1297.9871
151073	143.25765	1297.9451
151074	143.28886	1297.9872
151075	143.25049	1297.975
151076	143.26497	1297.9897
151077	143.23321	1298.0028
151078	143.28365	1297.9796
151079	143.25292	1297.9655
151080	143.25437	1297.9675
151081	143.26014	1297.9785
151082	143.23151	1298.0033
151083	143.26568	1297.9904
151084	143.2519	1297.9647
151085	143.27428	1297.9643
151086	143.24876	1297.9645
151087	143.245	1297.991
151088	143.24341	1297.9795
151089	143.25609	1297.9886
151090	143.27271	1297.9779
151091	143.27559	1297.9693
151092	143.2722	1297.9873
151093	143.24552	1297.9992
151094	143.26344	1297.9989
151095	143.24848	1297.9858
161001	400.6409	1137.9371
161002	400.63966	1137.9341
161003	400.65393	1137.9228
161004	400.63959	1137.9276
161005	400.63164	1137.9341
161006	400.64214	1137.9355
161007	400.63571	1137.9461
161008	400.62431	1137.9421
161009	400.63411	1137.9469
161010	400.63204	1137.9309
161011	400.6288	1137.9452
161012	400.6422	1137.9386
161013	400.63907	1137.9366
161014	400.64477	1137.9478
161015	400.62876	1137.9417
161016	400.62682	1137.9421
161017	400.61568	1137.943
161018	400.63352	1137.949
161019	400.64267	1137.9333
161020	400.63844	1137.938
161021	400.63334	1137.9391
161022	400.64402	1137.9399
161023	400.63635	1137.9364
161024	400.63486	1137.9387
161025	400.63449	1137.9346
161026	400.62797	1137.9308
161027	400.64342	1137.957
161028	400.63631	1137.9455
161029	400.55281	1138.0042
161030	400.56129	1138.1561
161031	400.63385	1137.8121
161032	400.88334	1137.8472
161033	400.58562	1137.9751
161034	400.60414	1138.0159
161035	400.6885	1138.0288
161036	400.55953	1137.8271
161037	400.71559	1138.0621
161038	400.55669	1137.9528
161039	400.79563	1137.8843
161040	400.65815	1137.9251
161041	400.65917	1137.9251
161042	400.66022	1137.9251
161043	400.65888	1137.9251
161044	400.75192	1137.8748
161045	400.63532	1137.9131
161046	400.70155	1137.9743
161047	400.58207	1137.9636
161048	400.64563	1137.9553
161049	400.69269	1137.8946
161050	400.63588	1137.9266
161051	400.71869	1137.9583
161052	400.59466	1137.9138
161053	400.66243	1137.9904
161054	400.61923	1137.9415
161055	400.64216	1137.9471
161056	400.71854	1137.9541
161057	400.64523	1137.9234
161058	400.65744	1137.971
161059	400.64092	1137.9615
161060	400.63906	1137.9453
161061	400.66387	1137.9454
161062	400.6816	1137.9238
161063	400.63705	1137.9346
161064	400.65909	1137.9586
161065	400.62274	1137.9485
161066	400.6519	1137.9316
161067	400.68946	1137.9481
161068	400.65423	1137.9103
161069	400.70491	1137.9598
161070	400.62338	1137.9474
161071	400.65835	1137.9712
161072	400.65185	1137.9488
161073	400.65389	1137.9337
161074	400.67899	1137.9558
161075	400.64568	1137.9464
161076	400.66225	1137.9706
161077	400.62807	1137.963
161078	400.67664	1137.9475
161079	400.65139	1137.9411
161080	400.65112	1137.9562
161081	400.65115	1137.9609
161082	400.63014	1137.9585
161083	400.66153	1137.9682
161084	400.65334	1137.9364
161085	400.6724	1137.9587
161086	400.64999	1137.9395
161087	400.64427	1137.9546
161088	400.64348	1137.9495
161089	400.65517	1137.9429
161090	400.6733	1137.9328
161091	400.67228	1137.929
161092	400.6626	1137.944
161093	400.6436	1137.9497
161094	400.65876	1137.9514
161095	400.64413	1137.9434
171001	634.0279	1299.2251
171002	634.02226	1299.2267
171003	634.03639	1299.2206
171004	634.02328	1299.2154
171005	634.01729	1299.2247
171006	634.02495	1299.2292
171007	634.02674	1299.2193
171008	634.01451	1299.2227
171009	634.02015	1299.2268
171010	634.01665	1299.2254
171011	634.01844	1299.2282
171012	634.02635	1299.2405
171013	634.02685	1299.2301
171014	634.03292	1299.2305
171015	634.01617	1299.2208
171016	634.01303	1299.2399
171017	634.0072	1299.2295
171018	634.02368	1299.2255
171019	634.02575	1299.2286
171020	634.02461	1299.2345
171021	634.01874	1299.2212
171022	634.02668	1299.2318
171023	634.0265	1299.225
171024	634.01958	1299.2278
171025	634.01537	1299.2216
171026	634.01415	1299.2243
171027	634.02441	1299.2339
171028	634.02197	1299.2245
171029	633.94242	1299.3058
171030	633.94606	1299.4401
171031	634.01992	1299.0941
171032	634.27615	1299.1201
171033	633.97262	1299.2336
171034	633.99275	1299.3066
171035	634.08068	1299.3076
171036	633.94659	1299.1161
171037	634.10272	1299.3511
171038	633.94408	1299.2329
171039	634.18038	1299.1614
171040	634.04229	1299.2135
171041	634.04443	1299.2135
171042	634.0448	1299.2135
171043	634.04791	1299.2135
171044	634.1407	1299.174
171045	634.02344	1299.2088
171046	634.08838	1299.2522
171047	633.96236	1299.2577
171048	634.03382	1299.2542
171049	634.07998	1299.2035
171050	634.02718	1299.1974
171051	634.10175	1299.25
171052	633.97846	1299.1994
171053	634.05237	1299.2803
171054	634.00405	1299.2279
171055	634.02952	1299.2193
171056	634.10542	1299.2331
171057	634.03247	1299.1985
171058	634.04236	1299.2504
171059	634.03074	1299.2543
171060	634.0203	1299.2254
171061	634.05074	1299.2193
171062	634.07517	1299.2129
171063	634.01959	1299.2203
171064	634.04267	1299.255
171065	634.01396	1299.2381
171066	634.03873	1299.2289
171067	634.07529	1299.231
171068	634.04575	1299.1975
171069	634.08777	1299.2606
171070	634.01416	1299.2424
171071	634.05176	1299.2402
171072	634.03772	1299.2477
171073	634.03772	1299.2039
171074	634.07032	1299.2337
171075	634.03351	1299.2301
171076	634.0478	1299.2402
171077	634.01248	1299.2378
171078	634.06319	1299.223
171079	634.03498	1299.226
171080	634.04333	1299.2326
171081	634.04209	1299.2372
171082	634.02254	1299.2436
171083	634.04751	1299.2444
171084	634.03979	1299.2165
171085	634.05868	1299.2243
171086	634.0378	1299.2232
171087	634.02707	1299.2438
171088	634.03017	1299.2533
171089	634.03992	1299.234
171090	634.0603	1299.2254
171091	634.06094	1299.2137
171092	634.0538	1299.2515
171093	634.03118	1299.2456
171094	634.04601	1299.2406
171095	634.03476	1299.2302
181001	909.6443	1139.3408
181002	909.64653	1139.3463
181003	909.65286	1139.3371
181004	909.6401	1139.3416
181005	909.63274	1139.338
181006	909.64498	1139.3443
181007	909.6379	1139.3446
181008	909.6326	1139.3382
181009	909.63467	1139.3489
181010	909.63197	1139.3401
181011	909.63493	1139.3303
181012	909.64327	1139.3425
181013	909.6392	1139.337
181014	909.64702	1139.3418
181015	909.62934	1139.3407
181016	909.63192	1139.331
181017	909.6252	1139.3447
181018	909.63916	1139.3392
181019	909.64269	1139.3372
181020	909.6408	1139.3454
181021	909.63854	1139.3381
181022	909.64339	1139.3523
181023	909.64215	1139.3348
181024	909.64112	1139.34
181025	909.63674	1139.3512
181026	909.6311	1139.34
181027	909.64281	1139.3381
181028	909.6426	1139.3309
181029	909.5575	1139.4124
181030	909.56583	1139.5548
181031	909.63526	1139.2238
181032	909.88867	1139.2438
181033	909.5864	1139.3533
181034	909.60887	1139.4286
181035	909.69805	1139.4245
181036	909.56232	1139.2218
181037	909.71781	1139.4568
181038	909.56149	1139.3599
181039	909.79911	1139.2832
181040	909.6583	1139.3338
181041	909.66199	1139.3338
181042	909.65876	1139.3338
181043	909.65766	1139.3338
181044	909.75167	1139.3069
181045	909.64251	1139.3239
181046	909.70837	1139.3808
181047	909.57908	1139.3636
181048	909.65081	1139.3855
181049	909.6974	1139.3241
181050	909.64164	1139.3192
181051	909.72343	1139.3767
181052	909.59334	1139.3228
181053	909.66536	1139.3935
181054	909.61844	1139.3413
181055	909.6478	1139.3443
181056	909.71581	1139.3468
181057	909.64514	1139.3225
181058	909.66093	1139.3624
181059	909.64757	1139.3672
181060	909.63527	1139.3645
181061	909.67038	1139.3433
181062	909.6888	1139.3449
181063	909.64095	1139.3408
181064	909.66398	1139.3681
181065	909.62382	1139.3561
181066	909.65835	1139.3394
181067	909.69129	1139.3586
181068	909.66185	1139.3224
181069	909.70871	1139.3661
181070	909.62451	1139.3593
181071	909.66117	1139.352
181072	909.65246	1139.3661
181073	909.65437	1139.326
181074	909.68573	1139.346
181075	909.64963	1139.3562
181076	909.66384	1139.3626
181077	909.63046	1139.3652
181078	909.68441	1139.3558
181079	909.65199	1139.3374
181080	909.65534	1139.3601
181081	909.6553	1139.3541
181082	909.63138	1139.3551
181083	909.66812	1139.3533
181084	909.65225	1139.3339
181085	909.67378	1139.3504
181086	909.65305	1139.343
181087	909.64767	1139.3536
181088	909.64363	1139.3562
181089	909.65785	1139.346
181090	909.66985	1139.3587
181091	909.67483	1139.3432
181092	909.6652	1139.3564
181093	909.64306	1139.3545
181094	909.66644	1139.3544
181095	909.65369	1139.3446
191001	1165.0031	1315.7906
191002	1165.0029	1315.7858
191003	1165.0109	1315.7877
191004	1164.9959	1315.7787
191005	1164.9885	1315.7779
191006	1165.0031	1315.781
191007	1165.0012	1315.7892
191008	1164.9918	1315.7813
191009	1164.9898	1315.783
191010	1164.9925	1315.7748
191011	1164.9899	1315.7845
191012	1165.0038	1315.775
191013	1164.9962	1315.7782
191014	1165.0062	1315.7856
191015	1164.985	1315.7798
191016	1164.9889	1315.7826
191017	1164.9765	1315.7821
191018	1164.9921	1315.7851
191019	1165.0018	1315.7871
191020	1165.0048	1315.7861
191021	1164.9946	1315.7775
191022	1165.0007	1315.7814
191023	1164.9998	1315.7873
191024	1164.999	1315.7739
191025	1164.9915	1315.7998
191026	1164.9916	1315.7772
191027	1165.0004	1315.7863
191028	1164.9972	1315.7792
191029	1164.9173	1315.8432
191030	1164.9276	1316.0076
191031	1164.9969	1315.6566
191032	1165.2489	1315.6516
191033	1164.9438	1315.7631
191034	1164.9732	1315.8556
191035	1165.0561	1315.8653
191036	1164.9172	1315.6706
191037	1165.0798	1315.8881
191038	1164.9209	1315.7899
191039	1165.154	1315.7059
191040	1165.0173	1315.756
191041	1165.0231	1315.756
191042	1165.0187	1315.756
191043	1165.0186	1315.756
191044	1165.1133	1315.7329
191045	1164.9998	1315.7501
191046	1165.0642	1315.8086
191047	1164.9424	1315.8045
191048	1165.0096	1315.806
191049	1165.0582	1315.7499
191050	1165.001	1315.7461
191051	1165.0776	1315.8129
191052	1164.956	1315.752
191053	1165.0283	1315.8271
191054	1164.98	1315.767
191055	1165.0096	1315.7738
191056	1165.0806	1315.7829
191057	1165.0057	1315.7483
191058	1165.0218	1315.7898
191059	1165.0073	1315.7874
191060	1164.998	1315.7763
191061	1165.03	1315.7664
191062	1165.0516	1315.7716
191063	1164.9995	1315.7698
191064	1165.0231	1315.7982
191065	1164.9826	1315.7995
191066	1165.0154	1315.7829
191067	1165.0475	1315.7894
191068	1165.0165	1315.7573
191069	1165.0687	1315.8007
191070	1164.9854	1315.7867
191071	1165.0199	1315.7765
191072	1165.0128	1315.7934
191073	1165.0119	1315.759
191074	1165.0455	1315.778
191075	1165.0093	1315.7794
191076	1165.0255	1315.7851
191077	1164.9861	1315.79
191078	1165.0424	1315.772
191079	1165.0123	1315.7676
191080	1165.0145	1315.789
191081	1165.0194	1315.7802
191082	1164.9897	1315.7947
191083	1165.0213	1315.803
191084	1165.0117	1315.7704
191085	1165.0361	1315.7827
191086	1165.0118	1315.7917
191087	1165.0041	1315.8035
191088	1165.0068	1315.794
191089	1165.0219	1315.7799
191090	1165.03	1315.7843
191091	1165.0398	1315.7781
191092	1165.0238	1315.7964
191093	1165.0071	1315.7959
191094	1165.0191	1315.783
191095	1165.0085	1315.7754
201001	1420.8043	1148.4365
201002	1420.8014	1148.4372
201003	1420.8187	1148.4319
201004	1420.7963	1148.4303
201005	1420.7948	1148.4336
201006	1420.7999	1148.4371
201007	1420.8046	1148.4432
201008	1420.7879	1148.4342
201009	1420.791	1148.4415
201010	1420.7968	1148.4304
201011	1420.7915	1148.4414
201012	1420.8062	1148.4286
201013	1420.8026	1148.4238
201014	1420.8041	1148.4131
201015	1420.7875	1148.4374
201016	1420.7858	1148.4327
201017	1420.7815	1148.4138
201018	1420.8007	1148.4413
201019	1420.8052	1148.4273
201020	1420.8026	1148.4305
201021	1420.7958	1148.404
201022	1420.8067	1148.4115
201023	1420.7968	1148.4161
201024	1420.7993	1148.4243
201025	1420.7973	1148.4281
201026	1420.7919	1148.4042
201027	1420.8021	1148.4286
201028	1420.7992	1148.429
201029	1420.7181	1148.4941
201030	1420.7221	1148.6505
201031	1420.7947	1148.3365
201032	1421.0471	1148.2885
201033	1420.749	1148.424
201034	1420.7733	1148.5194
201035	1420.8539	1148.5265
201036	1420.7193	1148.3225
201037	1420.8745	1148.5415
201038	1420.724	1148.4565
201039	1420.9549	1148.3791
201040	1420.8203	1148.4171
201041	1420.8226	1148.4171
201042	1420.8235	1148.4171
201043	1420.8186	1148.4171
201044	1420.9154	1148.393
201045	1420.803	1148.4096
201046	1420.8699	1148.4518
201047	1420.7385	1148.44
201048	1420.8058	1148.4563
201049	1420.8566	1148.4145
201050	1420.8028	1148.4099
201051	1420.8819	1148.464
201052	1420.7514	1148.4106
201053	1420.8265	1148.4772
201054	1420.7838	1148.4406
201055	1420.8108	1148.4399
201056	1420.879	1148.4537
201057	1420.8098	1148.4158
201058	1420.8171	1148.4504
201059	1420.8044	1148.4485
201060	1420.8026	1148.4566
201061	1420.8264	1148.4199
201062	1420.8481	1148.4354
201063	1420.7978	1148.4147
201064	1420.818	1148.4465
201065	1420.7839	1148.4374
201066	1420.8138	1148.43
201067	1420.8493	1148.4517
201068	1420.8201	1148.3977
201069	1420.8653	1148.4537
201070	1420.7912	1148.4276
201071	1420.8233	1148.4397
201072	1420.8136	1148.45
201073	1420.8174	1148.4244
201074	1420.8479	1148.4315
201075	1420.8121	1148.4529
201076	1420.8315	1148.4538
201077	1420.7895	1148.4601
201078	1420.8388	1148.4453
201079	1420.8127	1148.4236
201080	1420.822	1148.4481
201081	1420.8158	1148.4483
201082	1420.794	1148.4592
201083	1420.824	1148.4341
201084	1420.8108	1148.427
201085	1420.833	1148.4545
201086	1420.8163	1148.417
201087	1420.8079	1148.4459
201088	1420.8072	1148.4408
201089	1420.8204	1148.4467
201090	1420.83	1148.4282
201091	1420.8384	1148.4351
201092	1420.8321	1148.4401
201093	1420.8054	1148.4551
201094	1420.8234	1148.4327
201095	1420.8071	1148.4228
211001	1633.1418	1303.1382
211002	1633.1433	1303.1285
211003	1633.1522	1303.1234
211004	1633.1343	1303.1197
211005	1633.1277	1303.1055
211006	1633.1377	1303.1087
211007	1633.1371	1303.1079
211008	1633.1308	1303.0947
211009	1633.134	1303.0989
211010	1633.132	1303.0987
211011	1633.1313	1303.0932
211012	1633.142	1303.1068
211013	1633.1371	1303.1145
211014	1633.1418	1303.1145
211015	1633.1298	1303.1064
211016	1633.1254	1303.1021
211017	1633.1226	1303.1015
211018	1633.1333	1303.1152
211019	1633.1422	1303.1159
211020	1633.1398	1303.1169
211021	1633.1285	1303.1165
211022	1633.1456	1303.1191
211023	1633.1378	1303.1126
211024	1633.1375	1303.0948
211025	1633.1326	1303.1079
211026	1633.1299	1303.1031
211027	1633.1458	1303.1099
211028	1633.1399	1303.1026
211029	1633.0582	1303.1527
211030	1633.0673	1303.3362
211031	1633.1351	1303.0396
211032	1633.3839	1302.9622
211033	1633.0852	1303.088
211034	1633.1043	1303.1876
211035	1633.194	1303.2074
211036	1633.0605	1303.0032
211037	1633.2173	1303.212
211038	1633.0601	1303.1309
211039	1633.2921	1303.048
211040	1633.1576	1303.0919
211041	1633.1594	1303.0919
211042	1633.1585	1303.0919
211043	1633.1616	1303.0919
211044	1633.2554	1303.0795
211045	1633.1349	1303.0946
211046	1633.2054	1303.1567
211047	1633.0809	1303.1462
211048	1633.1479	1303.1531
211049	1633.1912	1303.098
211050	1633.1367	1303.0983
211051	1633.2164	1303.1279
211052	1633.0894	1303.082
211053	1633.1648	1303.1443
211054	1633.1184	1303.1068
211055	1633.1503	1303.1064
211056	1633.219	1303.1037
211057	1633.1479	1303.0789
211058	1633.1543	1303.1106
211059	1633.1457	1303.111
211060	1633.1402	1303.0993
211061	1633.1653	1303.1096
211062	1633.1902	1303.105
211063	1633.1405	1303.1108
211064	1633.1566	1303.1308
211065	1633.1258	1303.1463
211066	1633.1493	1303.1316
211067	1633.1852	1303.1335
211068	1633.1544	1303.1087
211069	1633.2037	1303.1389
211070	1633.1241	1303.1312
211071	1633.1606	1303.1192
211072	1633.1524	1303.1177
211073	1633.1562	1303.0987
211074	1633.1867	1303.1065
211075	1633.1466	1303.102
211076	1633.1631	1303.1159
211077	1633.1283	1303.1267
211078	1633.1806	1303.1067
211079	1633.1547	1303.0961
211080	1633.1562	1303.1041
211081	1633.1517	1303.1116
211082	1633.1338	1303.1227
211083	1633.1667	1303.1284
211084	1633.1466	1303.115
211085	1633.17	1303.1228
211086	1633.1477	1303.1194
211087	1633.1414	1303.1281
211088	1633.1427	1303.1314
211089	1633.161	1303.1205
211090	1633.1679	1303.1108
211091	1633.1729	1303.1197
211092	1633.1696	1303.1273
211093	1633.1442	1303.126
211094	1633.1609	1303.1306
211095	1633.1467	1303.1172
152001	143.244	1297.9851
152002	143.11833	1297.9289
152003	143.13824	1298.1551
152004	143.26052	1297.9057
152005	143.42074	1297.9048
152006	143.12788	1297.9268
152007	143.27538	1298.0753
152008	143.23436	1298.0755
152009	143.19371	1297.8291
152010	143.33187	1298.067
152011	143.16227	1297.9583
152012	143.36056	1298.029
152013	143.2108	1298.0002
152014	143.24288	1297.9285
152015	143.22817	1298.0991
152016	143.21414	1297.9847
152017	143.32967	1297.9595
152018	143.22607	1297.966
152019	143.29506	1298.0066
152020	143.15563	1298.0329
152021	143.26773	1298.0396
152022	143.27292	1297.959
152023	143.24891	1297.9843
152024	143.31238	1298.0145
152025	143.18649	1297.973
152026	143.2664	1298.0554
152027	143.20502	1297.9556
152028	143.2549	1297.9873
152029	143.29587	1297.996
152030	143.21755	1297.9489
152031	143.25547	1298.0187
152032	143.22613	1298.0106
152033	143.23074	1298.0007
152034	143.25983	1297.9563
152035	143.27786	1297.9747
152036	143.23126	1297.9848
152037	143.24423	1298.0233
152038	143.21744	1298.0136
152039	143.26229	1297.9893
152040	143.2669	1297.9989
152041	143.25694	1297.9705
152042	143.27504	1298.0204
152043	143.20457	1297.993
152044	143.25084	1298.0133
152045	143.23926	1297.994
152046	143.27003	1297.972
152047	143.26079	1297.9985
152048	143.24403	1297.9735
152049	143.25492	1298.0043
152050	143.23208	1297.9883
152051	143.26914	1297.9802
152052	143.25547	1297.9742
152053	143.25321	1297.9923
152054	143.22555	1297.9945
152055	143.22669	1298.0093
152056	143.23829	1297.9931
152057	143.23733	1297.9794
152058	143.2597	1297.9919
152059	143.24307	1297.9895
152060	143.23797	1298.0195
152061	143.23063	1298.0055
152062	143.24259	1297.9958
152063	143.27772	1297.9878
152064	143.2518	1297.9771
152065	143.25755	1298.0138
152066	143.23742	1297.9924
152067	143.24574	1298.0093
152068	143.24843	1297.9788
152069	143.25563	1297.984
152070	143.25255	1297.9973
152071	143.24131	1297.9973
152072	143.23928	1297.9936
152073	143.23548	1297.9715
152074	143.2636	1297.9675
152075	143.24825	1297.9734
152076	143.2409	1297.9884
152077	143.23177	1297.9994
152078	143.24611	1297.9843
152079	143.25499	1297.9827
152080	143.25584	1297.9813
152081	143.266	1297.9809
152082	143.25241	1297.9809
152083	143.23877	1298.0077
152084	143.23584	1298.0046
152085	143.252	1297.959
152086	143.25913	1297.9843
152087	143.25879	1297.9848
152088	143.25306	1297.9957
152089	143.25003	1298.0007
152090	143.24601	1297.9796
152091	143.25395	1297.9853
152092	143.25847	1297.9814
152093	143.24826	1297.9909
152094	143.23421	1297.9927
152095	143.23177	1297.9964
152096	143.24513	1297.9912
152097	143.26165	1297.9857
152098	143.26144	1297.969
152099	143.23929	1298.0044
152100	143.23509	1297.9963
152101	143.2511	1297.9851
152102	143.25314	1297.9831
152103	143.26398	1297.9792
152104	143.25827	1297.9951
152105	143.22023	1297.9986
152106	143.23782	1297.9844
152107	143.23933	1297.9958
152108	143.26362	1297.9657
152109	143.24815	1297.9761
152110	143.25059	1297.994
152111	143.25181	1297.9964
152112	143.23933	1298.0028
152113	143.23847	1297.9836
152114	143.25713	1297.9908
152115	143.26375	1297.9886
152116	143.25246	1297.9775
152117	143.23488	1298.006
152118	143.22738	1298.0038
152119	143.24023	1297.9859
152120	143.25514	1297.9832
152121	143.26161	1297.9622
152122	143.23606	1297.9776
152123	143.23523	1297.9965
152124	143.23795	1297.9882
152125	143.22821	1297.9778
152126	143.2614	1297.9798
152127	143.25091	1297.9815
152128	143.2359	1297.9943
152129	143.24755	1298.0019
152130	143.24925	1298.0008
152131	143.2506	1297.9988
152132	143.24815	1297.9934
152133	143.25232	1297.9992
152134	143.25523	1298.0111
152135	143.23586	1298.0032
152136	143.24762	1298.0039
152137	143.25986	1297.9895
152138	143.24742	1297.9787
152139	143.24897	1297.9872
152140	143.24982	1297.9959
152141	143.2604	1297.9896
152142	143.25496	1297.9866
152143	143.25694	1297.9861
152144	143.24779	1297.994
162001	400.6409	1137.9371
162002	400.51122	1137.8826
162003	400.53378	1138.1141
162004	400.65914	1137.8599
162005	400.81732	1137.8732
162006	400.52791	1137.9261
162007	400.67097	1138.0471
162008	400.62879	1138.0313
162009	400.59473	1137.8071
162010	400.72523	1138.0264
162011	400.55754	1137.9164
162012	400.75471	1137.9635
162013	400.60636	1137.9327
162014	400.63507	1137.8764
162015	400.62964	1138.0255
162016	400.60778	1137.9361
162017	400.72529	1137.9066
162018	400.62214	1137.9202
162019	400.69421	1137.944
162020	400.55672	1137.9744
162021	400.66421	1137.9683
162022	400.67008	1137.912
162023	400.6537	1137.9242
162024	400.71209	1137.9476
162025	400.57933	1137.9385
162026	400.67085	1137.9775
162027	400.60487	1137.9356
162028	400.65644	1137.9548
162029	400.68701	1137.9399
162030	400.61029	1137.9254
162031	400.65327	1137.9657
162032	400.62522	1137.9577
162033	400.62992	1137.965
162034	400.65755	1137.9439
162035	400.68082	1137.9408
162036	400.62503	1137.9424
162037	400.64065	1137.9606
162038	400.61608	1137.9522
162039	400.65917	1137.9302
162040	400.65777	1137.9478
162041	400.66088	1137.9297
162042	400.67613	1137.9651
162043	400.60656	1137.9425
162044	400.64782	1137.9532
162045	400.64424	1137.9468
162046	400.66875	1137.926
162047	400.65976	1137.9565
162048	400.64088	1137.935
162049	400.65293	1137.9698
162050	400.63202	1137.9546
162051	400.67086	1137.9418
162052	400.65141	1137.9441
162053	400.65255	1137.9484
162054	400.62468	1137.9387
162055	400.62334	1137.9575
162056	400.63749	1137.942
162057	400.6355	1137.9287
162058	400.65608	1137.9365
162059	400.63703	1137.9414
162060	400.6382	1137.9467
162061	400.62899	1137.9426
162062	400.64679	1137.9396
162063	400.66897	1137.9367
162064	400.65287	1137.9289
162065	400.65681	1137.9442
162066	400.63746	1137.9283
162067	400.64818	1137.9339
162068	400.63961	1137.9227
162069	400.65587	1137.9414
162070	400.64262	1137.9444
162071	400.63871	1137.9422
162072	400.63141	1137.9494
162073	400.62888	1137.9482
162074	400.66259	1137.9564
162075	400.64052	1137.9413
162076	400.64345	1137.9579
162077	400.62723	1137.958
162078	400.63754	1137.9559
162079	400.64727	1137.9503
162080	400.64676	1137.9405
162081	400.66061	1137.9411
162082	400.64708	1137.9463
162083	400.64075	1137.9423
162084	400.63215	1137.9374
162085	400.64924	1137.9288
162086	400.65725	1137.9441
162087	400.64857	1137.9392
162088	400.64629	1137.9556
162089	400.64814	1137.9379
162090	400.64265	1137.9378
162091	400.65236	1137.9319
162092	400.65959	1137.9353
162093	400.64524	1137.9448
162094	400.62652	1137.9602
162095	400.62919	1137.9585
162096	400.63958	1137.9462
162097	400.65791	1137.9518
162098	400.65275	1137.9372
162099	400.63851	1137.9454
162100	400.62486	1137.9647
162101	400.64171	1137.9551
162102	400.65049	1137.9451
162103	400.66087	1137.9306
162104	400.65582	1137.9453
162105	400.62307	1137.9426
162106	400.63573	1137.9516
162107	400.63977	1137.9523
162108	400.65985	1137.9321
162109	400.64717	1137.9389
162110	400.64335	1137.9308
162111	400.64427	1137.9397
162112	400.64003	1137.9436
162113	400.6372	1137.9588
162114	400.65144	1137.9491
162115	400.6663	1137.9442
162116	400.6418	1137.9491
162117	400.63753	1137.9678
162118	400.62351	1137.9623
162119	400.63768	1137.9458
162120	400.65195	1137.9492
162121	400.656	1137.9484
162122	400.64107	1137.9589
162123	400.62882	1137.9561
162124	400.63836	1137.9523
162125	400.62484	1137.9491
162126	400.65587	1137.9493
162127	400.64383	1137.9458
162128	400.63399	1137.9376
162129	400.65039	1137.944
162130	400.64786	1137.9342
162131	400.64804	1137.9302
162132	400.64569	1137.9405
162133	400.64637	1137.9451
162134	400.6541	1137.9314
162135	400.63236	1137.9523
162136	400.6468	1137.9386
162137	400.65659	1137.9391
162138	400.65165	1137.9543
162139	400.64745	1137.9345
162140	400.65003	1137.9496
162141	400.65629	1137.9591
162142	400.65089	1137.9515
162143	400.65114	1137.9497
162144	400.64276	1137.9456
172001	634.0279	1299.2251
172002	633.90236	1299.1544
172003	633.92135	1299.3971
172004	634.05251	1299.136
172005	634.2052	1299.1371
172006	633.90679	1299.2175
172007	634.06324	1299.3301
172008	634.01783	1299.3281
172009	633.97945	1299.0871
172010	634.11551	1299.292
172011	633.94591	1299.2074
172012	634.13983	1299.2541
172013	633.98953	1299.2228
172014	634.0293	1299.1806
172015	634.01928	1299.3038
172016	633.99353	1299.2232
172017	634.1158	1299.1962
172018	634.01019	1299.2157
172019	634.07787	1299.2358
172020	633.9417	1299.2673
172021	634.05027	1299.2553
172022	634.0534	1299.1996
172023	634.033	1299.2094
172024	634.09878	1299.2451
172025	633.96482	1299.2128
172026	634.05049	1299.2863
172027	633.99237	1299.216
172028	634.04123	1299.2253
172029	634.07839	1299.232
172030	633.99847	1299.2171
172031	634.04529	1299.2483
172032	634.01338	1299.238
172033	634.01723	1299.2448
172034	634.04887	1299.2177
172035	634.06803	1299.2161
172036	634.01236	1299.2254
172037	634.02811	1299.2608
172038	634.00089	1299.2532
172039	634.04748	1299.2262
172040	634.04541	1299.2265
172041	634.04708	1299.2121
172042	634.06047	1299.2512
172043	633.98923	1299.2415
172044	634.04282	1299.2357
172045	634.0301	1299.2285
172046	634.05305	1299.2134
172047	634.04575	1299.2349
172048	634.02705	1299.2272
172049	634.04056	1299.2503
172050	634.01869	1299.219
172051	634.05419	1299.2245
172052	634.04036	1299.2201
172053	634.04032	1299.2258
172054	634.01206	1299.2358
172055	634.01523	1299.2472
172056	634.02944	1299.2378
172057	634.0271	1299.2173
172058	634.04042	1299.2191
172059	634.02163	1299.231
172060	634.02449	1299.2371
172061	634.01939	1299.2284
172062	634.028	1299.2201
172063	634.05681	1299.2179
172064	634.03651	1299.2207
172065	634.04004	1299.2353
172066	634.02102	1299.2315
172067	634.03384	1299.2417
172068	634.02695	1299.2243
172069	634.04565	1299.2194
172070	634.03028	1299.2355
172071	634.03094	1299.2404
172072	634.02209	1299.242
172073	634.01769	1299.2381
172074	634.05018	1299.233
172075	634.02788	1299.2147
172076	634.03087	1299.2437
172077	634.01425	1299.2436
172078	634.02764	1299.2274
172079	634.04076	1299.233
172080	634.03754	1299.2123
172081	634.05339	1299.2308
172082	634.0341	1299.2427
172083	634.0278	1299.2393
172084	634.02281	1299.2328
172085	634.04115	1299.2229
172086	634.04619	1299.2179
172087	634.04137	1299.2327
172088	634.0336	1299.2434
172089	634.04038	1299.2437
172090	634.02512	1299.2291
172091	634.04586	1299.2133
172092	634.0472	1299.2264
172093	634.03528	1299.2232
172094	634.01392	1299.2307
172095	634.01551	1299.2452
172096	634.02797	1299.2217
172097	634.04491	1299.2349
172098	634.04111	1299.2253
172099	634.02353	1299.2325
172100	634.01578	1299.2455
172101	634.03249	1299.2413
172102	634.04353	1299.2386
172103	634.04689	1299.2216
172104	634.04416	1299.2345
172105	634.00588	1299.2387
172106	634.01732	1299.2411
172107	634.0265	1299.2374
172108	634.05283	1299.2124
172109	634.03389	1299.2237
172110	634.02969	1299.2391
172111	634.03184	1299.2386
172112	634.02123	1299.2382
172113	634.02353	1299.2338
172114	634.04083	1299.2171
172115	634.04901	1299.2296
172116	634.03045	1299.2384
172117	634.02189	1299.2387
172118	634.01181	1299.241
172119	634.01823	1299.2254
172120	634.04015	1299.2218
172121	634.04267	1299.2235
172122	634.02144	1299.2402
172123	634.017	1299.2398
172124	634.02665	1299.2353
172125	634.0125	1299.2335
172126	634.04558	1299.2239
172127	634.02693	1299.2221
172128	634.01525	1299.2317
172129	634.03582	1299.2451
172130	634.03297	1299.241
172131	634.03894	1299.2254
172132	634.03627	1299.2217
172133	634.0392	1299.2242
172134	634.04175	1299.2472
172135	634.0241	1299.2414
172136	634.02889	1299.2274
172137	634.04833	1299.2305
172138	634.03584	1299.2346
172139	634.03805	1299.2287
172140	634.03827	1299.2412
172141	634.03801	1299.2226
172142	634.04251	1299.2332
172143	634.03466	1299.2176
172144	634.03684	1299.2357
182001	909.6443	1139.3408
182002	909.51917	1139.2687
182003	909.53904	1139.5088
182004	909.6642	1139.2491
182005	909.8182	1139.257
182006	909.52893	1139.3397
182007	909.6801	1139.4578
182008	909.62885	1139.4428
182009	909.59631	1139.2128
182010	909.72887	1139.4111
182011	909.56477	1139.3452
182012	909.76047	1139.376
182013	909.60721	1139.346
182014	909.64522	1139.3069
182015	909.62866	1139.4181
182016	909.61461	1139.3544
182017	909.73395	1139.3203
182018	909.62252	1139.3396
182019	909.69438	1139.3595
182020	909.55686	1139.372
182021	909.66816	1139.3715
182022	909.67292	1139.3171
182023	909.65244	1139.3275
182024	909.71681	1139.3642
182025	909.58838	1139.3285
182026	909.67344	1139.3867
182027	909.61091	1139.3373
182028	909.66049	1139.3469
182029	909.69016	1139.3528
182030	909.61832	1139.3267
182031	909.66176	1139.3696
182032	909.63066	1139.3446
182033	909.63511	1139.3551
182034	909.66058	1139.3358
182035	909.67822	1139.3438
182036	909.62563	1139.3312
182037	909.64053	1139.3674
182038	909.61872	1139.3477
182039	909.66324	1139.341
182040	909.66458	1139.3401
182041	909.66447	1139.3254
182042	909.67241	1139.3782
182043	909.6118	1139.3506
182044	909.65554	1139.3619
182045	909.64763	1139.3551
182046	909.67624	1139.3344
182047	909.66118	1139.3572
182048	909.64298	1139.3525
182049	909.65222	1139.3534
182050	909.63113	1139.355
182051	909.67081	1139.3471
182052	909.65356	1139.3393
182053	909.65625	1139.3458
182054	909.62895	1139.3491
182055	909.63225	1139.3639
182056	909.64386	1139.3591
182057	909.64316	1139.3483
182058	909.65778	1139.352
182059	909.64277	1139.337
182060	909.63913	1139.3521
182061	909.6298	1139.3582
182062	909.6496	1139.3374
182063	909.67824	1139.3448
182064	909.65104	1139.3346
182065	909.65687	1139.3501
182066	909.64229	1139.3598
182067	909.64494	1139.3567
182068	909.64282	1139.3441
182069	909.65831	1139.3486
182070	909.64707	1139.3552
182071	909.64893	1139.3577
182072	909.63925	1139.3609
182073	909.63811	1139.3567
182074	909.66973	1139.3519
182075	909.6471	1139.3349
182076	909.6468	1139.3579
182077	909.62883	1139.3541
182078	909.63948	1139.3602
182079	909.65383	1139.3521
182080	909.65466	1139.3504
182081	909.66693	1139.3499
182082	909.65294	1139.3611
182083	909.64403	1139.35
182084	909.64242	1139.3515
182085	909.65679	1139.3499
182086	909.66536	1139.3469
182087	909.65226	1139.3485
182088	909.65306	1139.3449
182089	909.65733	1139.3556
182090	909.64273	1139.3483
182091	909.66154	1139.3394
182092	909.66317	1139.34
182093	909.65307	1139.3431
182094	909.63485	1139.3582
182095	909.63157	1139.347
182096	909.64274	1139.3452
182097	909.66412	1139.3459
182098	909.65943	1139.3453
182099	909.64486	1139.3436
182100	909.62836	1139.3607
182101	909.65025	1139.3469
182102	909.65419	1139.3484
182103	909.6679	1139.3332
182104	909.66016	1139.3492
182105	909.62378	1139.356
182106	909.63476	1139.3517
182107	909.63993	1139.3544
182108	909.66872	1139.3455
182109	909.65503	1139.3488
182110	909.65077	1139.3434
182111	909.64931	1139.3545
182112	909.64338	1139.3562
182113	909.6439	1139.3428
182114	909.66041	1139.3486
182115	909.67052	1139.3453
182116	909.64671	1139.3367
182117	909.63378	1139.3575
182118	909.62714	1139.359
182119	909.63661	1139.3472
182120	909.65503	1139.3536
182121	909.66214	1139.3536
182122	909.63869	1139.3556
182123	909.63014	1139.3545
182124	909.6422	1139.3488
182125	909.63074	1139.3495
182126	909.66297	1139.3409
182127	909.6481	1139.3384
182128	909.63281	1139.3368
182129	909.64905	1139.3437
182130	909.65155	1139.3489
182131	909.65027	1139.3411
182132	909.64818	1139.3306
182133	909.65729	1139.3501
182134	909.65981	1139.3578
182135	909.6392	1139.3533
182136	909.64393	1139.3586
182137	909.66102	1139.3498
182138	909.64807	1139.3474
182139	909.65462	1139.3447
182140	909.65365	1139.3494
182141	909.66013	1139.3538
182142	909.65196	1139.351
182143	909.65217	1139.3508
182144	909.65189	1139.3463
192001	1165.0031	1315.7906
192002	1164.8726	1315.7202
192003	1164.9026	1315.9586
192004	1165.0212	1315.6906
192005	1165.1754	1315.6999
192006	1164.887	1315.8124
192007	1165.0389	1315.9246
192008	1164.9913	1315.8946
192009	1164.9506	1315.6596
192010	1165.0909	1315.8543
192011	1164.9204	1315.7771
192012	1165.1122	1315.8218
192013	1164.9659	1315.7892
192014	1165.0038	1315.7565
192015	1164.9945	1315.8582
192016	1164.9736	1315.7941
192017	1165.09	1315.7555
192018	1164.9799	1315.7593
192019	1165.0507	1315.7973
192020	1164.9147	1315.8276
192021	1165.0291	1315.8139
192022	1165.0281	1315.7557
192023	1165.0106	1315.7658
192024	1165.0726	1315.8031
192025	1164.9416	1315.7864
192026	1165.0289	1315.8486
192027	1164.9645	1315.7936
192028	1165.0161	1315.7909
192029	1165.0529	1315.7915
192030	1164.9772	1315.775
192031	1165.0174	1315.8288
192032	1164.9906	1315.7957
192033	1164.9903	1315.8072
192034	1165.0229	1315.7776
192035	1165.04	1315.7968
192036	1164.9905	1315.7852
192037	1165.0001	1315.8166
192038	1164.9764	1315.8093
192039	1165.0174	1315.7974
192040	1165.0269	1315.7928
192041	1165.0213	1315.7757
192042	1165.0346	1315.8127
192043	1164.9668	1315.7964
192044	1165.013	1315.8125
192045	1165.002	1315.7878
192046	1165.0309	1315.774
192047	1165.0192	1315.8014
192048	1165.0025	1315.7895
192049	1165.0156	1315.8181
192050	1164.9888	1315.7973
192051	1165.0293	1315.7927
192052	1165.0105	1315.7863
192053	1165.0114	1315.7997
192054	1164.9861	1315.8077
192055	1164.9853	1315.8114
192056	1165.0045	1315.8266
192057	1164.9968	1315.7997
192058	1165.0201	1315.8117
192059	1164.9964	1315.7829
192060	1165.0026	1315.8026
192061	1164.9923	1315.7937
192062	1165.0086	1315.7763
192063	1165.035	1315.815
192064	1165.013	1315.8035
192065	1165.0165	1315.814
192066	1164.9977	1315.8179
192067	1165.0072	1315.8207
192068	1165.008	1315.7873
192069	1165.0157	1315.7888
192070	1165.0072	1315.7955
192071	1165.0025	1315.7995
192072	1164.9975	1315.8019
192073	1164.9899	1315.7778
192074	1165.0221	1315.7983
192075	1165.0026	1315.7888
192076	1165.0027	1315.7877
192077	1164.9906	1315.8
192078	1165.0051	1315.7932
192079	1165.0094	1315.7808
192080	1165.0096	1315.7784
192081	1165.0214	1315.7835
192082	1165.0068	1315.785
192083	1164.998	1315.7871
192084	1164.9972	1315.7894
192085	1165.0124	1315.7862
192086	1165.0245	1315.7777
192087	1165.016	1315.7882
192088	1165.0092	1315.7905
192089	1165.0086	1315.8096
192090	1165.004	1315.8065
192091	1165.0183	1315.7852
192092	1165.0214	1315.8003
192093	1165.0093	1315.7926
192094	1164.9889	1315.7998
192095	1164.9905	1315.8057
192096	1164.9992	1315.795
192097	1165.0209	1315.7889
192098	1165.0207	1315.8018
192099	1165.0004	1315.8104
192100	1164.9887	1315.814
192101	1165.0091	1315.8086
192102	1165.012	1315.8048
192103	1165.0264	1315.7916
192104	1165.0226	1315.7915
192105	1164.9814	1315.804
192106	1164.9944	1315.8132
192107	1164.9967	1315.7995
192108	1165.0294	1315.7903
192109	1165.0132	1315.7901
192110	1165.0063	1315.7904
192111	1165.0064	1315.8009
192112	1164.9952	1315.7973
192113	1165.0051	1315.7922
192114	1165.0128	1315.7796
192115	1165.0234	1315.7931
192116	1165.0063	1315.7893
192117	1164.9922	1315.7908
192118	1164.9802	1315.797
192119	1164.998	1315.7903
192120	1165.0118	1315.7815
192121	1165.016	1315.7898
192122	1164.997	1315.7995
192123	1164.9901	1315.8133
192124	1164.998	1315.8059
192125	1164.9876	1315.7911
192126	1165.0186	1315.7992
192127	1165.0088	1315.7957
192128	1164.9961	1315.7965
192129	1165.0071	1315.8193
192130	1165.0121	1315.8103
192131	1165.0108	1315.8038
192132	1165.0072	1315.7925
192133	1165.01	1315.7988
192134	1165.0167	1315.8013
192135	1164.9957	1315.7958
192136	1165.0022	1315.7991
192137	1165.0157	1315.8036
192138	1165.0086	1315.7933
192139	1165.0114	1315.7951
192140	1165.008	1315.7929
192141	1165.017	1315.7934
192142	1165.0174	1315.7836
192143	1165.0149	1315.7768
192144	1165.0095	1315.7844
202001	1420.8043	1148.4365
202002	1420.6804	1148.3706
202003	1420.7028	1148.5965
202004	1420.8242	1148.3235
202005	1420.9806	1148.3441
202006	1420.688	1148.4788
202007	1420.8384	1148.5855
202008	1420.7924	1148.5405
202009	1420.7542	1148.3225
202010	1420.8924	1148.5185
202011	1420.7235	1148.4584
202012	1420.9185	1148.4832
202013	1420.7711	1148.4553
202014	1420.8046	1148.401
202015	1420.7916	1148.5266
202016	1420.7759	1148.4513
202017	1420.8909	1148.4213
202018	1420.7842	1148.4249
202019	1420.8545	1148.4534
202020	1420.7199	1148.4816
202021	1420.8253	1148.4659
202022	1420.8342	1148.4271
202023	1420.8173	1148.4191
202024	1420.874	1148.4767
202025	1420.7432	1148.4426
202026	1420.8348	1148.4938
202027	1420.7707	1148.4483
202028	1420.8192	1148.4506
202029	1420.8539	1148.453
202030	1420.7795	1148.426
202031	1420.8194	1148.4753
202032	1420.7908	1148.4522
202033	1420.7905	1148.4807
202034	1420.8221	1148.4435
202035	1420.8439	1148.45
202036	1420.7867	1148.4376
202037	1420.8026	1148.4701
202038	1420.7749	1148.4484
202039	1420.8224	1148.4387
202040	1420.8264	1148.4575
202041	1420.8244	1148.4262
202042	1420.8399	1148.4629
202043	1420.7694	1148.4425
202044	1420.8118	1148.4508
202045	1420.8029	1148.4468
202046	1420.8304	1148.4247
202047	1420.8281	1148.4607
202048	1420.8044	1148.4494
202049	1420.8191	1148.4493
202050	1420.7928	1148.4572
202051	1420.831	1148.4486
202052	1420.8116	1148.443
202053	1420.8167	1148.4546
202054	1420.79	1148.4422
202055	1420.7876	1148.4573
202056	1420.8016	1148.4494
202057	1420.8036	1148.4457
202058	1420.8201	1148.4616
202059	1420.8009	1148.4211
202060	1420.7994	1148.4493
202061	1420.7909	1148.4348
202062	1420.8044	1148.4339
202063	1420.8325	1148.4476
202064	1420.8145	1148.434
202065	1420.8173	1148.444
202066	1420.7995	1148.4577
202067	1420.8116	1148.4472
202068	1420.8051	1148.4454
202069	1420.82	1148.4524
202070	1420.8084	1148.4588
202071	1420.803	1148.4595
202072	1420.7944	1148.4744
202073	1420.797	1148.4514
202074	1420.826	1148.4707
202075	1420.8062	1148.4601
202076	1420.8029	1148.4614
202077	1420.7866	1148.4711
202078	1420.8043	1148.4672
202079	1420.8183	1148.4629
202080	1420.811	1148.4521
202081	1420.824	1148.4551
202082	1420.8065	1148.4553
202083	1420.806	1148.4589
202084	1420.7985	1148.4487
202085	1420.8154	1148.4372
202086	1420.8256	1148.4284
202087	1420.8147	1148.4499
202088	1420.8108	1148.4539
202089	1420.815	1148.4695
202090	1420.8015	1148.4641
202091	1420.8182	1148.4683
202092	1420.8216	1148.4562
202093	1420.8142	1148.4501
202094	1420.7943	1148.4547
202095	1420.7859	1148.4679
202096	1420.8034	1148.4664
202097	1420.8192	1148.4501
202098	1420.8186	1148.4422
202099	1420.8017	1148.4475
202100	1420.7946	1148.4536
202101	1420.8086	1148.4535
202102	1420.8193	1148.4498
202103	1420.8226	1148.4428
202104	1420.8207	1148.4461
202105	1420.7862	1148.4323
202106	1420.7926	1148.4479
202107	1420.8019	1148.4445
202108	1420.8233	1148.4516
202109	1420.8105	1148.4289
202110	1420.8094	1148.4392
202111	1420.8051	1148.43
202112	1420.8021	1148.4483
202113	1420.8039	1148.4472
202114	1420.8214	1148.4423
202115	1420.8282	1148.4279
202116	1420.8083	1148.4421
202117	1420.7983	1148.4517
202118	1420.7843	1148.4596
202119	1420.7939	1148.4551
202120	1420.8143	1148.4471
202121	1420.8223	1148.4448
202122	1420.8002	1148.435
202123	1420.7926	1148.4624
202124	1420.8026	1148.4507
202125	1420.788	1148.4331
202126	1420.8232	1148.4448
202127	1420.8044	1148.434
202128	1420.7979	1148.4592
202129	1420.8073	1148.4471
202130	1420.8099	1148.4416
202131	1420.8157	1148.4404
202132	1420.8083	1148.4414
202133	1420.8104	1148.4475
202134	1420.8174	1148.436
202135	1420.7947	1148.4366
202136	1420.805	1148.4453
202137	1420.8235	1148.4459
202138	1420.8109	1148.4559
202139	1420.8099	1148.461
202140	1420.8084	1148.4524
202141	1420.8156	1148.47
202142	1420.818	1148.4523
202143	1420.8146	1148.4552
202144	1420.8075	1148.4593
212001	1633.1418	1303.1382
212002	1633.0157	1303.0921
212003	1633.0407	1303.3112
212004	1633.1661	1303.0102
212005	1633.313	1303.0112
212006	1633.0242	1303.1729
212007	1633.1698	1303.2802
212008	1633.1304	1303.2254
212009	1633.094	1303.0182
212010	1633.2267	1303.1917
212011	1633.0561	1303.136
212012	1633.2507	1303.1711
212013	1633.111	1303.1649
212014	1633.1366	1303.1091
212015	1633.1328	1303.2251
212016	1633.1104	1303.1687
212017	1633.2279	1303.132
212018	1633.1196	1303.1384
212019	1633.1948	1303.1708
212020	1633.0554	1303.1845
212021	1633.1634	1303.1829
212022	1633.1665	1303.1172
212023	1633.1507	1303.1314
212024	1633.2127	1303.1674
212025	1633.0837	1303.1389
212026	1633.1697	1303.1818
212027	1633.1017	1303.1425
212028	1633.1507	1303.1381
212029	1633.19	1303.1507
212030	1633.1167	1303.1309
212031	1633.1599	1303.1719
212032	1633.1266	1303.1524
212033	1633.13	1303.1537
212034	1633.1627	1303.132
212035	1633.1775	1303.1534
212036	1633.1227	1303.1508
212037	1633.1417	1303.1762
212038	1633.1156	1303.1776
212039	1633.1607	1303.1474
212040	1633.1647	1303.1738
212041	1633.1616	1303.1325
212042	1633.1741	1303.1716
212043	1633.1101	1303.1698
212044	1633.1568	1303.1701
212045	1633.1414	1303.1676
212046	1633.1735	1303.1302
212047	1633.1648	1303.1566
212048	1633.1453	1303.1428
212049	1633.153	1303.1524
212050	1633.1313	1303.1353
212051	1633.1725	1303.1376
212052	1633.1551	1303.1284
212053	1633.1539	1303.1578
212054	1633.1261	1303.1537
212055	1633.1308	1303.1611
212056	1633.1441	1303.1571
212057	1633.1368	1303.1449
212058	1633.1546	1303.1618
212059	1633.1407	1303.1489
212060	1633.1381	1303.1646
212061	1633.1348	1303.1637
212062	1633.1439	1303.1607
212063	1633.1697	1303.1586
212064	1633.1532	1303.1502
212065	1633.1578	1303.1556
212066	1633.1386	1303.1574
212067	1633.1442	1303.1482
212068	1633.1441	1303.1412
212069	1633.1555	1303.1409
212070	1633.1442	1303.1397
212071	1633.1433	1303.1475
212072	1633.1362	1303.1408
212073	1633.1324	1303.1256
212074	1633.1615	1303.134
212075	1633.1463	1303.1321
212076	1633.1451	1303.1466
212077	1633.1297	1303.1587
212078	1633.1414	1303.1422
212079	1633.1523	1303.1482
212080	1633.1501	1303.1295
212081	1633.1645	1303.1429
212082	1633.1521	1303.1622
212083	1633.1405	1303.1692
212084	1633.1377	1303.1825
212085	1633.153	1303.1562
212086	1633.1618	1303.1433
212087	1633.1505	1303.1576
212088	1633.1459	1303.1531
212089	1633.1475	1303.1632
212090	1633.1442	1303.1563
212091	1633.1586	1303.1387
212092	1633.1616	1303.1466
212093	1633.1507	1303.1362
212094	1633.1275	1303.1668
212095	1633.1268	1303.1541
212096	1633.1429	1303.1377
212097	1633.1624	1303.1292
212098	1633.1559	1303.1281
212099	1633.1371	1303.1425
212100	1633.1259	1303.1531
212101	1633.1464	1303.1455
212102	1633.1549	1303.1495
212103	1633.1591	1303.137
212104	1633.1573	1303.1485
212105	1633.1199	1303.167
212106	1633.1358	1303.1556
212107	1633.141	1303.1586
212108	1633.165	1303.152
212109	1633.1458	1303.1563
212110	1633.1459	1303.174
212111	1633.1478	1303.1399
212112	1633.1364	1303.1634
212113	1633.1379	1303.155
212114	1633.1536	1303.1375
212115	1633.1688	1303.1443
212116	1633.1463	1303.1364
212117	1633.1373	1303.1409
212118	1633.1228	1303.138
212119	1633.1374	1303.1329
212120	1633.1544	1303.1436
212121	1633.1573	1303.1332
212122	1633.139	1303.1477
212123	1633.1304	1303.1403
212124	1633.1356	1303.1414
212125	1633.1315	1303.1498
212126	1633.1626	1303.1451
212127	1633.1464	1303.1553
212128	1633.1316	1303.1555
212129	1633.1459	1303.17
212130	1633.1466	1303.155
212131	1633.1514	1303.1481
212132	1633.1488	1303.157
212133	1633.1526	1303.1644
212134	1633.1497	1303.1555
212135	1633.1315	1303.1693
212136	1633.1442	1303.1591
212137	1633.1569	1303.1553
212138	1633.1531	1303.1412
212139	1633.1543	1303.1413
212140	1633.1523	1303.1373
212141	1633.1518	1303.1535
212142	1633.1496	1303.1408
212143	1633.1519	1303.1455
212144	1633.1478	1303.1452
153001	143.244	1297.9851
153002	143.25386	1297.9813
153003	143.22703	1298.1211
153004	143.31032	1297.897
153005	143.15319	1297.9529
153006	143.22788	1298.0931
153007	143.32432	1298.0808
153008	143.16887	1297.8371
153009	143.35563	1298.0118
153010	143.10263	1298.0231
153011	143.32433	1298.0245
153012	143.27205	1297.9514
153013	143.28912	1297.8811
153014	143.30147	1298.0509
153015	143.1473	1297.9953
153016	143.31636	1297.9728
153017	143.21643	1297.9893
153018	143.31889	1297.9629
153019	143.24773	1298.0081
153020	143.26686	1297.9713
153021	143.27414	1297.9662
153022	143.16156	1298.0223
153023	143.30118	1297.9964
153024	143.19551	1297.9678
153025	143.30541	1297.9888
153026	143.24219	1297.9635
153027	143.20141	1298.0125
153028	143.26063	1298.0082
153029	143.19487	1297.9603
153030	143.31008	1298.0151
153031	143.25216	1297.9683
153032	143.24929	1298.0047
153033	143.25167	1298.0088
153034	143.22867	1297.9962
153035	143.26393	1297.9936
153036	143.28449	1297.9747
153037	143.26729	1297.9789
153038	143.25976	1297.9903
153039	143.24602	1298.0009
153040	143.23785	1298.0018
153041	143.26973	1298.0083
153042	143.24864	1297.9765
153043	143.26878	1297.9916
153044	143.23868	1297.995
153045	143.22593	1297.9856
153046	143.25678	1298.013
153047	143.23309	1297.9793
153048	143.27881	1297.9825
153049	143.22962	1297.9861
153050	143.24722	1298.0046
153051	143.22826	1298.0171
153052	143.24751	1297.9813
153053	143.26536	1297.9828
153054	143.26173	1297.9891
153055	143.27963	1297.9782
153056	143.23263	1297.9804
163001	400.6409	1137.9371
163002	400.64838	1137.9409
163003	400.62177	1137.7991
163004	400.71155	1138.0264
163005	400.54826	1137.9701
163006	400.6254	1137.8301
163007	400.72262	1137.8416
163008	400.56295	1138.0861
163009	400.74907	1137.9098
163010	400.5	1137.9008
163011	400.72313	1137.8974
163012	400.66339	1137.9714
163013	400.69263	1138.0431
163014	400.69469	1137.8701
163015	400.5426	1137.9261
163016	400.71311	1137.9494
163017	400.61509	1137.934
163018	400.70806	1137.9604
163019	400.64452	1137.9149
163020	400.66422	1137.952
163021	400.66689	1137.9579
163022	400.56129	1137.902
163023	400.7009	1137.9271
163024	400.59175	1137.9553
163025	400.69796	1137.9346
163026	400.64413	1137.9609
163027	400.60105	1137.9104
163028	400.65812	1137.9146
163029	400.59991	1137.9622
163030	400.71124	1137.9091
163031	400.65068	1137.9537
163032	400.64875	1137.9197
163033	400.64783	1137.9141
163034	400.6261	1137.9274
163035	400.65874	1137.9296
163036	400.68275	1137.9478
163037	400.66306	1137.9446
163038	400.65762	1137.9319
163039	400.63723	1137.9217
163040	400.63834	1137.92
163041	400.66553	1137.9141
163042	400.64355	1137.946
163043	400.66566	1137.9309
163044	400.6428	1137.9275
163045	400.62134	1137.9373
163046	400.65265	1137.9092
163047	400.63041	1137.9436
163048	400.67003	1137.9403
163049	400.62459	1137.9377
163050	400.644	1137.9186
163051	400.62875	1137.9062
163052	400.64784	1137.9409
163053	400.66466	1137.9406
163054	400.65892	1137.9343
163055	400.67597	1137.9447
163056	400.63486	1137.9426
173001	634.0279	1299.2251
173002	634.03189	1299.2182
173003	634.00489	1299.3701
173004	634.09317	1299.1335
173005	633.93428	1299.2043
173006	634.01469	1299.3401
173007	634.10936	1299.3179
173008	633.95187	1299.0651
173009	634.13934	1299.2511
173010	633.88776	1299.2711
173011	634.11265	1299.2734
173012	634.0521	1299.1882
173013	634.07622	1299.1211
173014	634.08864	1299.3102
173015	633.93049	1299.2538
173016	634.10217	1299.235
173017	633.99994	1299.2353
173018	634.09564	1299.2019
173019	634.03136	1299.2384
173020	634.04932	1299.2226
173021	634.0609	1299.218
173022	633.95043	1299.2483
173023	634.08435	1299.2446
173024	633.98342	1299.2107
173025	634.08947	1299.2269
173026	634.02545	1299.1951
173027	633.98403	1299.257
173028	634.04202	1299.2489
173029	633.98484	1299.2149
173030	634.09835	1299.2349
173031	634.03724	1299.2036
173032	634.03893	1299.2333
173033	634.0298	1299.2527
173034	634.01098	1299.2339
173035	634.04194	1299.2375
173036	634.06794	1299.217
173037	634.05117	1299.2081
173038	634.04458	1299.2341
173039	634.02448	1299.2417
173040	634.02087	1299.237
173041	634.05316	1299.2292
173042	634.03271	1299.1954
173043	634.05506	1299.238
173044	634.02747	1299.2279
173045	634.00812	1299.2412
173046	634.04427	1299.2502
173047	634.01804	1299.2085
173048	634.05953	1299.2248
173049	634.01324	1299.2355
173050	634.03171	1299.2283
173051	634.01181	1299.2461
173052	634.03533	1299.2298
173053	634.04776	1299.2194
173054	634.043	1299.2177
173055	634.05768	1299.2187
173056	634.01793	1299.2352
183001	909.6443	1139.3408
183002	909.65141	1139.3426
183003	909.62815	1139.4868
183004	909.71557	1139.2491
183005	909.54629	1139.3165
183006	909.62756	1139.4778
183007	909.72519	1139.4402
183008	909.57187	1139.1968
183009	909.76022	1139.3568
183010	909.50293	1139.3837
183011	909.72611	1139.3877
183012	909.67416	1139.3154
183013	909.6959	1139.2602
183014	909.70145	1139.4144
183015	909.55154	1139.3764
183016	909.71639	1139.3539
183017	909.62312	1139.3496
183018	909.71448	1139.3288
183019	909.65485	1139.3611
183020	909.67308	1139.3478
183021	909.67245	1139.3399
183022	909.5655	1139.371
183023	909.70794	1139.3731
183024	909.60177	1139.3402
183025	909.69841	1139.355
183026	909.6403	1139.3141
183027	909.6045	1139.3698
183028	909.65551	1139.372
183029	909.59679	1139.3362
183030	909.70991	1139.3541
183031	909.65649	1139.3269
183032	909.64931	1139.3586
183033	909.65411	1139.3576
183034	909.62955	1139.3499
183035	909.66394	1139.3448
183036	909.68368	1139.3401
183037	909.66534	1139.3333
183038	909.6613	1139.3477
183039	909.64631	1139.3578
183040	909.6417	1139.3562
183041	909.67431	1139.3504
183042	909.65101	1139.3281
183043	909.67058	1139.3386
183044	909.6422	1139.3522
183045	909.62368	1139.3558
183046	909.65904	1139.3705
183047	909.633	1139.3297
183048	909.67355	1139.3484
183049	909.6292	1139.3505
183050	909.64454	1139.3522
183051	909.63107	1139.3677
183052	909.64745	1139.3565
183053	909.66649	1139.342
183054	909.65559	1139.3455
183055	909.6759	1139.3512
183056	909.63376	1139.3563
193001	1165.0031	1315.7906
193002	1165.0119	1315.7765
193003	1164.9845	1315.9236
193004	1165.0726	1315.6776
193005	1164.9082	1315.751
193006	1164.9885	1315.9146
193007	1165.0816	1315.882
193008	1164.9269	1315.6266
193009	1165.1111	1315.7868
193010	1164.8588	1315.8298
193011	1165.0838	1315.8307
193012	1165.0285	1315.7586
193013	1165.0484	1315.702
193014	1165.0633	1315.8633
193015	1164.9104	1315.8192
193016	1165.0714	1315.7978
193017	1164.9805	1315.7826
193018	1165.0719	1315.7692
193019	1165.0072	1315.8016
193020	1165.03	1315.7859
193021	1165.036	1315.7715
193022	1164.925	1315.8232
193023	1165.0643	1315.7989
193024	1164.9558	1315.7734
193025	1165.0588	1315.7854
193026	1165.0024	1315.769
193027	1164.9615	1315.8115
193028	1165.0215	1315.8126
193029	1164.954	1315.7783
193030	1165.0743	1315.793
193031	1165.0115	1315.7711
193032	1165.0091	1315.8017
193033	1165.0104	1315.8082
193034	1164.9896	1315.7923
193035	1165.0234	1315.7914
193036	1165.0472	1315.7918
193037	1165.0222	1315.7777
193038	1165.0155	1315.7985
193039	1165.0061	1315.8077
193040	1164.994	1315.7922
193041	1165.0314	1315.8024
193042	1165.0105	1315.7679
193043	1165.0265	1315.7951
193044	1165.0043	1315.8144
193045	1164.9821	1315.7939
193046	1165.0169	1315.8056
193047	1164.9888	1315.7795
193048	1165.0396	1315.7813
193049	1164.9922	1315.7877
193050	1165.0078	1315.7884
193051	1164.9925	1315.8114
193052	1165.0091	1315.7873
193053	1165.0288	1315.777
193054	1165.0166	1315.7833
193055	1165.0387	1315.7834
193056	1164.9961	1315.7887
203001	1420.8043	1148.4365
203002	1420.8142	1148.4543
203003	1420.7883	1148.5725
203004	1420.8711	1148.3474
203005	1420.7084	1148.4273
203006	1420.7892	1148.5945
203007	1420.8822	1148.5825
203008	1420.7328	1148.3115
203009	1420.9141	1148.4579
203010	1420.6585	1148.4878
203011	1420.8841	1148.5005
203012	1420.8289	1148.4269
203013	1420.853	1148.3914
203014	1420.8645	1148.5375
203015	1420.7121	1148.4796
203016	1420.8719	1148.4472
203017	1420.7779	1148.4543
203018	1420.8753	1148.4445
203019	1420.8114	1148.4787
203020	1420.826	1148.4781
203021	1420.8344	1148.4423
203022	1420.7243	1148.4751
203023	1420.8628	1148.4917
203024	1420.7579	1148.462
203025	1420.8589	1148.4764
203026	1420.8025	1148.4268
203027	1420.7661	1148.4934
203028	1420.8157	1148.5059
203029	1420.7574	1148.462
203030	1420.878	1148.4746
203031	1420.8136	1148.4449
203032	1420.809	1148.475
203033	1420.8136	1148.4904
203034	1420.7834	1148.465
203035	1420.8181	1148.484
203036	1420.8422	1148.4815
203037	1420.8292	1148.4705
203038	1420.8231	1148.4728
203039	1420.801	1148.4984
203040	1420.8	1148.4627
203041	1420.8337	1148.4619
203042	1420.8119	1148.4655
203043	1420.8338	1148.502
203044	1420.8014	1148.4854
203045	1420.7909	1148.4679
203046	1420.8189	1148.5019
203047	1420.7894	1148.4652
203048	1420.8352	1148.4741
203049	1420.792	1148.4717
203050	1420.8101	1148.4633
203051	1420.7941	1148.489
203052	1420.8088	1148.4693
203053	1420.8309	1148.4601
203054	1420.8185	1148.4768
203055	1420.8341	1148.4697
203056	1420.7942	1148.4717
213001	1633.1418	1303.1382
213002	1633.1469	1303.1319
213003	1633.1216	1303.2347
213004	1633.2076	1303.0082
213005	1633.0447	1303.0917
213006	1633.1229	1303.2942
213007	1633.2228	1303.2402
213008	1633.0658	1302.9682
213009	1633.2579	1303.1001
213010	1633.0007	1303.1606
213011	1633.2261	1303.186
213012	1633.1697	1303.0994
213013	1633.194	1303.0569
213014	1633.1987	1303.2118
213015	1633.0505	1303.1805
213016	1633.2167	1303.1477
213017	1633.1193	1303.1418
213018	1633.2091	1303.128
213019	1633.148	1303.1413
213020	1633.1656	1303.1465
213021	1633.172	1303.1357
213022	1633.0581	1303.1574
213023	1633.201	1303.166
213024	1633.0989	1303.1373
213025	1633.1973	1303.1349
213026	1633.1378	1303.1077
213027	1633.1056	1303.1331
213028	1633.158	1303.1534
213029	1633.0947	1303.1281
213030	1633.2109	1303.1357
213031	1633.1535	1303.108
213032	1633.1499	1303.1483
213033	1633.1473	1303.1539
213034	1633.1257	1303.1428
213035	1633.1561	1303.1488
213036	1633.1844	1303.1552
213037	1633.1672	1303.138
213038	1633.1572	1303.1533
213039	1633.143	1303.1504
213040	1633.1353	1303.1463
213041	1633.1704	1303.151
213042	1633.1428	1303.1265
213043	1633.1683	1303.1463
213044	1633.1412	1303.162
213045	1633.1219	1303.151
213046	1633.1533	1303.1571
213047	1633.1283	1303.137
213048	1633.1738	1303.1431
213049	1633.1301	1303.1475
213050	1633.1409	1303.1404
213051	1633.1312	1303.1414
213052	1633.1432	1303.1431
213053	1633.1637	1303.1279
213054	1633.1562	1303.1318
213055	1633.1793	1303.1529
213056	1633.1307	1303.1555
