151001.00000 2.28295 0.00251 -0.35612
151002.00000 2.28295 0.00251 -0.35612
151003.00000 2.28295 0.00250 -0.35611
151004.00000 2.28295 0.00251 -0.35614
151005.00000 2.28295 0.00252 -0.35611
151006.00000 2.28295 0.00252 -0.35612
151007.00000 2.28295 0.00251 -0.35610
151008.00000 2.28295 0.00253 -0.35612
151009.00000 2.28295 0.00252 -0.35612
151010.00000 2.28295 0.00252 -0.35611
151011.00000 2.28295 0.00252 -0.35611
151012.00000 2.28295 0.00251 -0.35611
151013.00000 2.28295 0.00252 -0.35611
151014.00000 2.28295 0.00251 -0.35610
151015.00000 2.28295 0.00253 -0.35610
151016.00000 2.28295 0.00253 -0.35611
151017.00000 2.28295 0.00254 -0.35610
151018.00000 2.28295 0.00252 -0.35611
151019.00000 2.28295 0.00251 -0.35611
151020.00000 2.28295 0.00251 -0.35612
151021.00000 2.28295 0.00252 -0.35610
151022.00000 2.28295 0.00251 -0.35613
151023.00000 2.28295 0.00252 -0.35611
151024.00000 2.28295 0.00252 -0.35610
151025.00000 2.28295 0.00252 -0.35611
151026.00000 2.28295 0.00253 -0.35612
151027.00000 2.28295 0.00251 -0.35612
151028.00000 2.28295 0.00251 -0.35612
151029.00000 2.28296 0.00259 -0.35619
151030.00000 2.28296 0.00258 -0.35633
151031.00000 2.28295 0.00252 -0.35597
151032.00000 2.28291 0.00228 -0.35602
151033.00000 2.28296 0.00256 -0.35613
151034.00000 2.28296 0.00255 -0.35618
151035.00000 2.28294 0.00246 -0.35618
151036.00000 2.28297 0.00260 -0.35599
151037.00000 2.28293 0.00244 -0.35623
151038.00000 2.28297 0.00260 -0.35612
151039.00000 2.28292 0.00236 -0.35604
151040.00000 2.28295 0.00249 -0.35612
151041.00000 2.28295 0.00250 -0.35612
151042.00000 2.28295 0.00250 -0.35612
151043.00000 2.28295 0.00250 -0.35612
151044.00000 2.28293 0.00240 -0.35606
151045.00000 2.28295 0.00252 -0.35609
151046.00000 2.28294 0.00245 -0.35615
151047.00000 2.28296 0.00257 -0.35615
151048.00000 2.28295 0.00251 -0.35616
151049.00000 2.28294 0.00246 -0.35609
151050.00000 2.28295 0.00252 -0.35608
151051.00000 2.28293 0.00243 -0.35613
151052.00000 2.28296 0.00257 -0.35609
151053.00000 2.28294 0.00249 -0.35617
151054.00000 2.28295 0.00254 -0.35611
151055.00000 2.28295 0.00251 -0.35612
151056.00000 2.28294 0.00244 -0.35612
151057.00000 2.28295 0.00251 -0.35606
151058.00000 2.28295 0.00250 -0.35613
151059.00000 2.28295 0.00251 -0.35615
151060.00000 2.28295 0.00252 -0.35612
151061.00000 2.28295 0.00249 -0.35611
151062.00000 2.28294 0.00247 -0.35610
151063.00000 2.28295 0.00252 -0.35610
151064.00000 2.28295 0.00250 -0.35613
151065.00000 2.28295 0.00253 -0.35613
151066.00000 2.28295 0.00251 -0.35611
151067.00000 2.28294 0.00247 -0.35611
151068.00000 2.28295 0.00250 -0.35608
151069.00000 2.28294 0.00245 -0.35614
151070.00000 2.28295 0.00253 -0.35612
151071.00000 2.28295 0.00249 -0.35613
151072.00000 2.28295 0.00250 -0.35613
151073.00000 2.28295 0.00250 -0.35608
151074.00000 2.28294 0.00247 -0.35613
151075.00000 2.28295 0.00250 -0.35611
151076.00000 2.28295 0.00249 -0.35613
151077.00000 2.28295 0.00252 -0.35614
151078.00000 2.28294 0.00248 -0.35612
151079.00000 2.28295 0.00250 -0.35610
151080.00000 2.28295 0.00250 -0.35611
151081.00000 2.28295 0.00250 -0.35612
151082.00000 2.28295 0.00252 -0.35614
151083.00000 2.28295 0.00249 -0.35613
151084.00000 2.28295 0.00251 -0.35610
151085.00000 2.28294 0.00248 -0.35610
151086.00000 2.28295 0.00250 -0.35610
151087.00000 2.28295 0.00251 -0.35613
151088.00000 2.28295 0.00251 -0.35612
151089.00000 2.28295 0.00250 -0.35613
151090.00000 2.28294 0.00248 -0.35612
151091.00000 2.28294 0.00248 -0.35611
151092.00000 2.28294 0.00249 -0.35613
151093.00000 2.28295 0.00251 -0.35614
151094.00000 2.28295 0.00250 -0.35614
151095.00000 2.28295 0.00251 -0.35612
