152001.00000 2.28295 0.00251 -0.35612
152002.00000 2.28298 0.00264 -0.35607
152003.00000 2.28297 0.00261 -0.35629
152004.00000 2.28295 0.00249 -0.35605
152005.00000 2.28292 0.00234 -0.35604
152006.00000 2.28297 0.00263 -0.35607
152007.00000 2.28294 0.00248 -0.35621
152008.00000 2.28295 0.00253 -0.35621
152009.00000 2.28296 0.00256 -0.35597
152010.00000 2.28293 0.00243 -0.35620
152011.00000 2.28297 0.00259 -0.35610
152012.00000 2.28293 0.00240 -0.35617
152013.00000 2.28296 0.00255 -0.35614
152014.00000 2.28295 0.00252 -0.35607
152015.00000 2.28295 0.00252 -0.35624
152016.00000 2.28296 0.00254 -0.35612
152017.00000 2.28293 0.00243 -0.35610
152018.00000 2.28295 0.00253 -0.35610
152019.00000 2.28294 0.00247 -0.35614
152020.00000 2.28297 0.00260 -0.35617
152021.00000 2.28294 0.00249 -0.35618
152022.00000 2.28295 0.00249 -0.35610
152023.00000 2.28295 0.00250 -0.35612
152024.00000 2.28294 0.00244 -0.35615
152025.00000 2.28296 0.00257 -0.35611
152026.00000 2.28294 0.00249 -0.35619
152027.00000 2.28296 0.00255 -0.35609
152028.00000 2.28295 0.00250 -0.35613
152029.00000 2.28294 0.00246 -0.35613
152030.00000 2.28296 0.00254 -0.35609
152031.00000 2.28295 0.00250 -0.35616
152032.00000 2.28295 0.00253 -0.35615
152033.00000 2.28295 0.00252 -0.35614
152034.00000 2.28295 0.00249 -0.35610
152035.00000 2.28294 0.00247 -0.35611
152036.00000 2.28295 0.00253 -0.35612
152037.00000 2.28295 0.00251 -0.35616
152038.00000 2.28296 0.00254 -0.35615
152039.00000 2.28295 0.00250 -0.35613
152040.00000 2.28295 0.00249 -0.35614
152041.00000 2.28295 0.00249 -0.35611
152042.00000 2.28294 0.00248 -0.35616
152043.00000 2.28296 0.00254 -0.35613
152044.00000 2.28295 0.00250 -0.35615
152045.00000 2.28295 0.00251 -0.35613
152046.00000 2.28295 0.00249 -0.35611
152047.00000 2.28295 0.00250 -0.35614
152048.00000 2.28295 0.00251 -0.35611
152049.00000 2.28295 0.00250 -0.35614
152050.00000 2.28295 0.00253 -0.35613
152051.00000 2.28294 0.00248 -0.35612
152052.00000 2.28295 0.00250 -0.35611
152053.00000 2.28295 0.00250 -0.35613
152054.00000 2.28295 0.00253 -0.35613
152055.00000 2.28295 0.00252 -0.35615
152056.00000 2.28295 0.00252 -0.35613
152057.00000 2.28295 0.00252 -0.35612
152058.00000 2.28295 0.00250 -0.35613
152059.00000 2.28295 0.00252 -0.35613
152060.00000 2.28295 0.00252 -0.35616
152061.00000 2.28295 0.00252 -0.35614
152062.00000 2.28295 0.00251 -0.35613
152063.00000 2.28294 0.00248 -0.35613
152064.00000 2.28295 0.00250 -0.35612
152065.00000 2.28295 0.00250 -0.35615
152066.00000 2.28295 0.00252 -0.35613
152067.00000 2.28295 0.00251 -0.35615
152068.00000 2.28295 0.00251 -0.35612
152069.00000 2.28295 0.00250 -0.35612
152070.00000 2.28295 0.00251 -0.35614
152071.00000 2.28295 0.00251 -0.35614
152072.00000 2.28295 0.00252 -0.35613
152073.00000 2.28295 0.00253 -0.35611
152074.00000 2.28295 0.00249 -0.35611
152075.00000 2.28295 0.00251 -0.35611
152076.00000 2.28295 0.00252 -0.35613
152077.00000 2.28295 0.00252 -0.35614
152078.00000 2.28295 0.00252 -0.35612
152079.00000 2.28295 0.00250 -0.35612
152080.00000 2.28295 0.00251 -0.35612
152081.00000 2.28295 0.00249 -0.35612
152082.00000 2.28295 0.00251 -0.35612
152083.00000 2.28295 0.00252 -0.35615
152084.00000 2.28295 0.00252 -0.35614
152085.00000 2.28295 0.00251 -0.35610
152086.00000 2.28295 0.00250 -0.35612
152087.00000 2.28295 0.00250 -0.35612
152088.00000 2.28295 0.00251 -0.35613
152089.00000 2.28295 0.00250 -0.35614
152090.00000 2.28295 0.00251 -0.35612
152091.00000 2.28295 0.00250 -0.35612
152092.00000 2.28295 0.00249 -0.35612
152093.00000 2.28295 0.00250 -0.35613
152094.00000 2.28295 0.00253 -0.35613
152095.00000 2.28295 0.00253 -0.35613
152096.00000 2.28295 0.00252 -0.35613
152097.00000 2.28295 0.00250 -0.35612
152098.00000 2.28295 0.00250 -0.35611
152099.00000 2.28295 0.00251 -0.35614
152100.00000 2.28295 0.00253 -0.35613
152101.00000 2.28295 0.00251 -0.35612
152102.00000 2.28295 0.00250 -0.35612
152103.00000 2.28295 0.00250 -0.35612
152104.00000 2.28295 0.00250 -0.35613
152105.00000 2.28295 0.00253 -0.35614
152106.00000 2.28295 0.00252 -0.35612
152107.00000 2.28295 0.00252 -0.35613
152108.00000 2.28295 0.00249 -0.35610
152109.00000 2.28295 0.00251 -0.35611
152110.00000 2.28295 0.00251 -0.35613
152111.00000 2.28295 0.00251 -0.35613
152112.00000 2.28295 0.00252 -0.35614
152113.00000 2.28295 0.00252 -0.35612
152114.00000 2.28295 0.00250 -0.35613
152115.00000 2.28295 0.00249 -0.35613
152116.00000 2.28295 0.00251 -0.35612
152117.00000 2.28295 0.00252 -0.35614
152118.00000 2.28295 0.00253 -0.35614
152119.00000 2.28295 0.00252 -0.35612
152120.00000 2.28295 0.00251 -0.35612
152121.00000 2.28295 0.00250 -0.35610
152122.00000 2.28295 0.00252 -0.35612
152123.00000 2.28295 0.00253 -0.35613
152124.00000 2.28295 0.00252 -0.35613
152125.00000 2.28295 0.00253 -0.35612
152126.00000 2.28295 0.00250 -0.35612
152127.00000 2.28295 0.00251 -0.35612
152128.00000 2.28295 0.00253 -0.35613
152129.00000 2.28295 0.00251 -0.35614
152130.00000 2.28295 0.00250 -0.35614
152131.00000 2.28295 0.00251 -0.35614
152132.00000 2.28295 0.00251 -0.35613
152133.00000 2.28295 0.00251 -0.35614
152134.00000 2.28295 0.00250 -0.35615
152135.00000 2.28295 0.00252 -0.35614
152136.00000 2.28295 0.00251 -0.35614
152137.00000 2.28295 0.00250 -0.35613
152138.00000 2.28295 0.00251 -0.35612
152139.00000 2.28295 0.00251 -0.35613
152140.00000 2.28295 0.00250 -0.35613
152141.00000 2.28295 0.00250 -0.35613
152142.00000 2.28295 0.00250 -0.35612
152143.00000 2.28295 0.00250 -0.35612
152144.00000 2.28295 0.00251 -0.35613
