153001.00000 2.28295 0.00251 -0.35612
153002.00000 2.28295 0.00251 -0.35612
153003.00000 2.28295 0.00253 -0.35626
153004.00000 2.28294 0.00245 -0.35604
153005.00000 2.28297 0.00261 -0.35609
153006.00000 2.28295 0.00253 -0.35623
153007.00000 2.28293 0.00244 -0.35622
153008.00000 2.28297 0.00259 -0.35598
153009.00000 2.28293 0.00240 -0.35615
153010.00000 2.28298 0.00265 -0.35616
153011.00000 2.28293 0.00243 -0.35616
153012.00000 2.28295 0.00249 -0.35609
153013.00000 2.28294 0.00247 -0.35602
153014.00000 2.28294 0.00246 -0.35619
153015.00000 2.28297 0.00260 -0.35613
153016.00000 2.28294 0.00244 -0.35611
153017.00000 2.28295 0.00254 -0.35613
153018.00000 2.28294 0.00244 -0.35610
153019.00000 2.28295 0.00251 -0.35615
153020.00000 2.28294 0.00249 -0.35611
153021.00000 2.28294 0.00248 -0.35610
153022.00000 2.28296 0.00259 -0.35616
153023.00000 2.28294 0.00246 -0.35613
153024.00000 2.28296 0.00256 -0.35611
153025.00000 2.28294 0.00246 -0.35613
153026.00000 2.28295 0.00251 -0.35610
153027.00000 2.28296 0.00255 -0.35615
153028.00000 2.28295 0.00250 -0.35615
153029.00000 2.28296 0.00256 -0.35610
153030.00000 2.28294 0.00245 -0.35615
153031.00000 2.28295 0.00251 -0.35611
153032.00000 2.28295 0.00251 -0.35614
153033.00000 2.28295 0.00251 -0.35615
153034.00000 2.28295 0.00253 -0.35613
153035.00000 2.28295 0.00250 -0.35613
153036.00000 2.28294 0.00247 -0.35611
153037.00000 2.28295 0.00249 -0.35612
153038.00000 2.28295 0.00250 -0.35613
153039.00000 2.28295 0.00251 -0.35614
153040.00000 2.28295 0.00252 -0.35614
153041.00000 2.28294 0.00249 -0.35615
153042.00000 2.28295 0.00251 -0.35612
153043.00000 2.28295 0.00249 -0.35613
153044.00000 2.28295 0.00251 -0.35613
153045.00000 2.28295 0.00253 -0.35612
153046.00000 2.28295 0.00250 -0.35615
153047.00000 2.28295 0.00252 -0.35612
153048.00000 2.28294 0.00249 -0.35612
153049.00000 2.28295 0.00253 -0.35612
153050.00000 2.28295 0.00251 -0.35614
153051.00000 2.28295 0.00252 -0.35615
153052.00000 2.28295 0.00251 -0.35612
153053.00000 2.28295 0.00249 -0.35612
153054.00000 2.28295 0.00250 -0.35613
153055.00000 2.28294 0.00248 -0.35612
153056.00000 2.28295 0.00252 -0.35612