161001.00000 2.23782 -0.24541 -0.19582
161002.00000 2.23782 -0.24541 -0.19582
161003.00000 2.23781 -0.24543 -0.19581
161004.00000 2.23782 -0.24541 -0.19581
161005.00000 2.23782 -0.24540 -0.19582
161006.00000 2.23782 -0.24541 -0.19582
161007.00000 2.23782 -0.24541 -0.19583
161008.00000 2.23782 -0.24540 -0.19583
161009.00000 2.23782 -0.24541 -0.19583
161010.00000 2.23782 -0.24541 -0.19582
161011.00000 2.23782 -0.24541 -0.19583
161012.00000 2.23782 -0.24542 -0.19582
161013.00000 2.23782 -0.24541 -0.19582
161014.00000 2.23782 -0.24542 -0.19583
161015.00000 2.23782 -0.24540 -0.19583
161016.00000 2.23782 -0.24540 -0.19583
161017.00000 2.23782 -0.24539 -0.19583
161018.00000 2.23782 -0.24541 -0.19584
161019.00000 2.23782 -0.24541 -0.19582
161020.00000 2.23782 -0.24541 -0.19582
161021.00000 2.23782 -0.24540 -0.19583
161022.00000 2.23782 -0.24541 -0.19583
161023.00000 2.23782 -0.24541 -0.19582
161024.00000 2.23782 -0.24541 -0.19583
161025.00000 2.23782 -0.24540 -0.19582
161026.00000 2.23782 -0.24540 -0.19582
161027.00000 2.23782 -0.24541 -0.19584
161028.00000 2.23782 -0.24541 -0.19583
161029.00000 2.23783 -0.24533 -0.19589
161030.00000 2.23783 -0.24534 -0.19604
161031.00000 2.23782 -0.24540 -0.19570
161032.00000 2.23777 -0.24565 -0.19573
161033.00000 2.23783 -0.24536 -0.19586
161034.00000 2.23782 -0.24538 -0.19590
161035.00000 2.23781 -0.24547 -0.19591
161036.00000 2.23783 -0.24533 -0.19572
161037.00000 2.23780 -0.24549 -0.19595
161038.00000 2.23783 -0.24533 -0.19584
161039.00000 2.23779 -0.24556 -0.19577
161040.00000 2.23781 -0.24543 -0.19581
161041.00000 2.23781 -0.24543 -0.19581
161042.00000 2.23781 -0.24543 -0.19581
161043.00000 2.23781 -0.24543 -0.19581
161044.00000 2.23780 -0.24552 -0.19576
161045.00000 2.23782 -0.24541 -0.19580
161046.00000 2.23780 -0.24548 -0.19586
161047.00000 2.23783 -0.24536 -0.19585
161048.00000 2.23782 -0.24542 -0.19584
161049.00000 2.23781 -0.24546 -0.19578
161050.00000 2.23782 -0.24541 -0.19581
161051.00000 2.23780 -0.24549 -0.19584
161052.00000 2.23783 -0.24536 -0.19580
161053.00000 2.23781 -0.24544 -0.19588
161054.00000 2.23782 -0.24539 -0.19583
161055.00000 2.23782 -0.24542 -0.19583
161056.00000 2.23780 -0.24549 -0.19584
161057.00000 2.23782 -0.24541 -0.19581
161058.00000 2.23781 -0.24543 -0.19586
161059.00000 2.23782 -0.24542 -0.19585
161060.00000 2.23782 -0.24541 -0.19583
161061.00000 2.23781 -0.24544 -0.19583
161062.00000 2.23781 -0.24546 -0.19581
161063.00000 2.23782 -0.24541 -0.19582
161064.00000 2.23781 -0.24543 -0.19584
161065.00000 2.23782 -0.24540 -0.19584
161066.00000 2.23781 -0.24542 -0.19582
161067.00000 2.23781 -0.24546 -0.19583
161068.00000 2.23781 -0.24543 -0.19580
161069.00000 2.23780 -0.24548 -0.19585
161070.00000 2.23782 -0.24540 -0.19583
161071.00000 2.23781 -0.24543 -0.19586
161072.00000 2.23781 -0.24542 -0.19584
161073.00000 2.23782 -0.24542 -0.19582
161074.00000 2.23781 -0.24545 -0.19584
161075.00000 2.23781 -0.24543 -0.19583
161076.00000 2.23781 -0.24544 -0.19586
161077.00000 2.23782 -0.24540 -0.19585
161078.00000 2.23781 -0.24545 -0.19583
161079.00000 2.23782 -0.24542 -0.19583
161080.00000 2.23781 -0.24543 -0.19584
161081.00000 2.23781 -0.24542 -0.19585
161082.00000 2.23782 -0.24541 -0.19584
161083.00000 2.23781 -0.24543 -0.19585
161084.00000 2.23782 -0.24542 -0.19582
161085.00000 2.23781 -0.24544 -0.19584
161086.00000 2.23782 -0.24542 -0.19583
161087.00000 2.23782 -0.24542 -0.19584
161088.00000 2.23782 -0.24542 -0.19584
161089.00000 2.23781 -0.24543 -0.19583
161090.00000 2.23781 -0.24544 -0.19582
161091.00000 2.23781 -0.24544 -0.19582
161092.00000 2.23781 -0.24544 -0.19583
161093.00000 2.23782 -0.24541 -0.19584
161094.00000 2.23781 -0.24544 -0.19584
161095.00000 2.23782 -0.24542 -0.19583
