162001.00000 2.23782 -0.24541 -0.19582
162002.00000 2.23784 -0.24529 -0.19577
162003.00000 2.23783 -0.24532 -0.19600
162004.00000 2.23781 -0.24543 -0.19575
162005.00000 2.23778 -0.24559 -0.19576
162006.00000 2.23784 -0.24530 -0.19581
162007.00000 2.23781 -0.24544 -0.19593
162008.00000 2.23782 -0.24541 -0.19592
162009.00000 2.23783 -0.24536 -0.19570
162010.00000 2.23780 -0.24550 -0.19591
162011.00000 2.23783 -0.24533 -0.19580
162012.00000 2.23780 -0.24552 -0.19585
162013.00000 2.23782 -0.24538 -0.19582
162014.00000 2.23782 -0.24541 -0.19576
162015.00000 2.23782 -0.24541 -0.19591
162016.00000 2.23782 -0.24538 -0.19582
162017.00000 2.23780 -0.24550 -0.19579
162018.00000 2.23782 -0.24540 -0.19581
162019.00000 2.23781 -0.24546 -0.19583
162020.00000 2.23783 -0.24533 -0.19586
162021.00000 2.23781 -0.24543 -0.19585
162022.00000 2.23781 -0.24544 -0.19580
162023.00000 2.23782 -0.24542 -0.19581
162024.00000 2.23780 -0.24549 -0.19583
162025.00000 2.23783 -0.24536 -0.19583
162026.00000 2.23781 -0.24544 -0.19586
162027.00000 2.23782 -0.24538 -0.19582
162028.00000 2.23781 -0.24543 -0.19584
162029.00000 2.23781 -0.24546 -0.19583
162030.00000 2.23782 -0.24539 -0.19581
162031.00000 2.23781 -0.24543 -0.19585
162032.00000 2.23782 -0.24540 -0.19584
162033.00000 2.23782 -0.24540 -0.19585
162034.00000 2.23781 -0.24543 -0.19583
162035.00000 2.23781 -0.24545 -0.19583
162036.00000 2.23782 -0.24540 -0.19583
162037.00000 2.23782 -0.24541 -0.19585
162038.00000 2.23782 -0.24538 -0.19584
162039.00000 2.23781 -0.24543 -0.19582
162040.00000 2.23781 -0.24544 -0.19583
162041.00000 2.23781 -0.24543 -0.19582
162042.00000 2.23781 -0.24545 -0.19585
162043.00000 2.23782 -0.24538 -0.19583
162044.00000 2.23781 -0.24542 -0.19584
162045.00000 2.23782 -0.24541 -0.19583
162046.00000 2.23781 -0.24544 -0.19581
162047.00000 2.23781 -0.24543 -0.19584
162048.00000 2.23782 -0.24541 -0.19582
162049.00000 2.23781 -0.24542 -0.19586
162050.00000 2.23782 -0.24540 -0.19584
162051.00000 2.23781 -0.24544 -0.19583
162052.00000 2.23781 -0.24542 -0.19583
162053.00000 2.23781 -0.24542 -0.19583
162054.00000 2.23782 -0.24540 -0.19583
162055.00000 2.23782 -0.24540 -0.19584
162056.00000 2.23782 -0.24541 -0.19583
162057.00000 2.23782 -0.24541 -0.19582
162058.00000 2.23781 -0.24543 -0.19582
162059.00000 2.23782 -0.24541 -0.19583
162060.00000 2.23782 -0.24541 -0.19583
162061.00000 2.23782 -0.24540 -0.19583
162062.00000 2.23782 -0.24542 -0.19583
162063.00000 2.23781 -0.24544 -0.19582
162064.00000 2.23781 -0.24543 -0.19582
162065.00000 2.23781 -0.24543 -0.19583
162066.00000 2.23782 -0.24541 -0.19581
162067.00000 2.23782 -0.24542 -0.19582
162068.00000 2.23782 -0.24541 -0.19581
162069.00000 2.23781 -0.24543 -0.19583
162070.00000 2.23782 -0.24542 -0.19583
162071.00000 2.23782 -0.24542 -0.19583
162072.00000 2.23782 -0.24541 -0.19584
162073.00000 2.23782 -0.24540 -0.19583
162074.00000 2.23781 -0.24544 -0.19584
162075.00000 2.23782 -0.24541 -0.19583
162076.00000 2.23782 -0.24542 -0.19584
162077.00000 2.23782 -0.24540 -0.19584
162078.00000 2.23782 -0.24541 -0.19584
162079.00000 2.23781 -0.24542 -0.19584
162080.00000 2.23781 -0.24543 -0.19583
162081.00000 2.23781 -0.24544 -0.19583
162082.00000 2.23782 -0.24542 -0.19583
162083.00000 2.23782 -0.24542 -0.19583
162084.00000 2.23782 -0.24541 -0.19582
162085.00000 2.23781 -0.24543 -0.19582
162086.00000 2.23781 -0.24543 -0.19583
162087.00000 2.23781 -0.24543 -0.19583
162088.00000 2.23782 -0.24542 -0.19584
162089.00000 2.23782 -0.24542 -0.19582
162090.00000 2.23782 -0.24541 -0.19582
162091.00000 2.23781 -0.24543 -0.19582
162092.00000 2.23781 -0.24543 -0.19582
162093.00000 2.23782 -0.24542 -0.19583
162094.00000 2.23782 -0.24540 -0.19585
162095.00000 2.23782 -0.24540 -0.19584
162096.00000 2.23782 -0.24541 -0.19583
162097.00000 2.23781 -0.24543 -0.19584
162098.00000 2.23781 -0.24543 -0.19582
162099.00000 2.23782 -0.24541 -0.19583
162100.00000 2.23782 -0.24540 -0.19585
162101.00000 2.23782 -0.24542 -0.19584
162102.00000 2.23781 -0.24543 -0.19583
162103.00000 2.23781 -0.24543 -0.19582
162104.00000 2.23781 -0.24543 -0.19583
162105.00000 2.23782 -0.24539 -0.19583
162106.00000 2.23782 -0.24541 -0.19584
162107.00000 2.23782 -0.24541 -0.19584
162108.00000 2.23781 -0.24544 -0.19582
162109.00000 2.23782 -0.24542 -0.19583
162110.00000 2.23782 -0.24542 -0.19582
162111.00000 2.23782 -0.24542 -0.19583
162112.00000 2.23782 -0.24541 -0.19583
162113.00000 2.23782 -0.24542 -0.19585
162114.00000 2.23781 -0.24543 -0.19584
162115.00000 2.23781 -0.24543 -0.19583
162116.00000 2.23782 -0.24542 -0.19584
162117.00000 2.23782 -0.24541 -0.19585
162118.00000 2.23782 -0.24539 -0.19585
162119.00000 2.23782 -0.24541 -0.19583
162120.00000 2.23781 -0.24543 -0.19584
162121.00000 2.23781 -0.24543 -0.19583
162122.00000 2.23782 -0.24541 -0.19585
162123.00000 2.23782 -0.24540 -0.19584
162124.00000 2.23782 -0.24541 -0.19584
162125.00000 2.23782 -0.24540 -0.19584
162126.00000 2.23781 -0.24543 -0.19584
162127.00000 2.23782 -0.24541 -0.19583
162128.00000 2.23782 -0.24541 -0.19582
162129.00000 2.23782 -0.24542 -0.19583
162130.00000 2.23782 -0.24542 -0.19582
162131.00000 2.23781 -0.24543 -0.19582
162132.00000 2.23782 -0.24542 -0.19583
162133.00000 2.23782 -0.24542 -0.19583
162134.00000 2.23781 -0.24543 -0.19582
162135.00000 2.23782 -0.24541 -0.19584
162136.00000 2.23782 -0.24542 -0.19582
162137.00000 2.23781 -0.24543 -0.19583
162138.00000 2.23782 -0.24542 -0.19584
162139.00000 2.23781 -0.24542 -0.19582
162140.00000 2.23781 -0.24542 -0.19584
162141.00000 2.23781 -0.24542 -0.19585
162142.00000 2.23781 -0.24543 -0.19584
162143.00000 2.23781 -0.24542 -0.19584
162144.00000 2.23782 -0.24542 -0.19583