163001.00000 2.23782 -0.24541 -0.19582
163002.00000 2.23782 -0.24542 -0.19583
163003.00000 2.23782 -0.24539 -0.19569
163004.00000 2.23780 -0.24548 -0.19591
163005.00000 2.23783 -0.24533 -0.19586
163006.00000 2.23782 -0.24540 -0.19572
163007.00000 2.23780 -0.24550 -0.19573
163008.00000 2.23783 -0.24534 -0.19597
163009.00000 2.23780 -0.24552 -0.19580
163010.00000 2.23784 -0.24527 -0.19579
163011.00000 2.23780 -0.24549 -0.19578
163012.00000 2.23781 -0.24544 -0.19586
163013.00000 2.23781 -0.24547 -0.19593
163014.00000 2.23781 -0.24547 -0.19576
163015.00000 2.23784 -0.24532 -0.19581
163016.00000 2.23780 -0.24549 -0.19583
163017.00000 2.23782 -0.24539 -0.19582
163018.00000 2.23780 -0.24548 -0.19585
163019.00000 2.23782 -0.24542 -0.19580
163020.00000 2.23781 -0.24544 -0.19584
163021.00000 2.23781 -0.24544 -0.19584
163022.00000 2.23783 -0.24534 -0.19579
163023.00000 2.23781 -0.24547 -0.19581
163024.00000 2.23782 -0.24537 -0.19584
163025.00000 2.23781 -0.24547 -0.19582
163026.00000 2.23782 -0.24541 -0.19585
163027.00000 2.23782 -0.24538 -0.19580
163028.00000 2.23781 -0.24543 -0.19580
163029.00000 2.23782 -0.24537 -0.19585
163030.00000 2.23780 -0.24548 -0.19580
163031.00000 2.23781 -0.24543 -0.19584
163032.00000 2.23782 -0.24542 -0.19581
163033.00000 2.23782 -0.24542 -0.19580
163034.00000 2.23782 -0.24540 -0.19581
163035.00000 2.23781 -0.24543 -0.19582
163036.00000 2.23781 -0.24545 -0.19583
163037.00000 2.23781 -0.24544 -0.19583
163038.00000 2.23781 -0.24543 -0.19582
163039.00000 2.23782 -0.24541 -0.19581
163040.00000 2.23782 -0.24541 -0.19581
163041.00000 2.23781 -0.24544 -0.19580
163042.00000 2.23782 -0.24541 -0.19583
163043.00000 2.23781 -0.24544 -0.19582
163044.00000 2.23782 -0.24541 -0.19581
163045.00000 2.23782 -0.24539 -0.19582
163046.00000 2.23781 -0.24543 -0.19580
163047.00000 2.23782 -0.24540 -0.19583
163048.00000 2.23781 -0.24545 -0.19583
163049.00000 2.23782 -0.24540 -0.19582
163050.00000 2.23782 -0.24542 -0.19581
163051.00000 2.23782 -0.24540 -0.19579
163052.00000 2.23782 -0.24541 -0.19583
163053.00000 2.23781 -0.24544 -0.19583
163054.00000 2.23781 -0.24543 -0.19582
163055.00000 2.23781 -0.24545 -0.19583
163056.00000 2.23782 -0.24541 -0.19583