171001.00000 2.19115 -0.47602 -0.35264
171002.00000 2.19115 -0.47602 -0.35264
171003.00000 2.19115 -0.47603 -0.35263
171004.00000 2.19116 -0.47601 -0.35263
171005.00000 2.19116 -0.47600 -0.35264
171006.00000 2.19116 -0.47601 -0.35264
171007.00000 2.19116 -0.47601 -0.35263
171008.00000 2.19116 -0.47600 -0.35264
171009.00000 2.19116 -0.47601 -0.35264
171010.00000 2.19116 -0.47601 -0.35264
171011.00000 2.19116 -0.47600 -0.35264
171012.00000 2.19115 -0.47602 -0.35265
171013.00000 2.19116 -0.47601 -0.35264
171014.00000 2.19115 -0.47602 -0.35264
171015.00000 2.19116 -0.47600 -0.35263
171016.00000 2.19116 -0.47600 -0.35265
171017.00000 2.19116 -0.47599 -0.35264
171018.00000 2.19116 -0.47601 -0.35264
171019.00000 2.19115 -0.47602 -0.35264
171020.00000 2.19116 -0.47601 -0.35265
171021.00000 2.19116 -0.47601 -0.35263
171022.00000 2.19115 -0.47601 -0.35264
171023.00000 2.19116 -0.47601 -0.35264
171024.00000 2.19116 -0.47601 -0.35264
171025.00000 2.19116 -0.47601 -0.35263
171026.00000 2.19116 -0.47600 -0.35264
171027.00000 2.19115 -0.47601 -0.35265
171028.00000 2.19116 -0.47601 -0.35264
171029.00000 2.19117 -0.47593 -0.35272
171030.00000 2.19117 -0.47594 -0.35285
171031.00000 2.19116 -0.47600 -0.35251
171032.00000 2.19111 -0.47626 -0.35253
171033.00000 2.19117 -0.47596 -0.35265
171034.00000 2.19116 -0.47599 -0.35272
171035.00000 2.19114 -0.47606 -0.35272
171036.00000 2.19117 -0.47593 -0.35253
171037.00000 2.19114 -0.47609 -0.35276
171038.00000 2.19117 -0.47594 -0.35265
171039.00000 2.19113 -0.47616 -0.35257
171040.00000 2.19115 -0.47603 -0.35263
171041.00000 2.19115 -0.47603 -0.35263
171042.00000 2.19115 -0.47603 -0.35263
171043.00000 2.19115 -0.47603 -0.35263
171044.00000 2.19114 -0.47612 -0.35259
171045.00000 2.19116 -0.47601 -0.35262
171046.00000 2.19114 -0.47608 -0.35266
171047.00000 2.19117 -0.47596 -0.35267
171048.00000 2.19115 -0.47602 -0.35267
171049.00000 2.19115 -0.47607 -0.35262
171050.00000 2.19115 -0.47602 -0.35261
171051.00000 2.19114 -0.47609 -0.35266
171052.00000 2.19116 -0.47597 -0.35261
171053.00000 2.19115 -0.47604 -0.35269
171054.00000 2.19116 -0.47599 -0.35264
171055.00000 2.19115 -0.47602 -0.35263
171056.00000 2.19114 -0.47609 -0.35264
171057.00000 2.19116 -0.47601 -0.35261
171058.00000 2.19115 -0.47603 -0.35266
171059.00000 2.19115 -0.47602 -0.35267
171060.00000 2.19116 -0.47601 -0.35264
171061.00000 2.19115 -0.47604 -0.35263
171062.00000 2.19115 -0.47606 -0.35263
171063.00000 2.19116 -0.47601 -0.35263
171064.00000 2.19115 -0.47603 -0.35267
171065.00000 2.19116 -0.47600 -0.35265
171066.00000 2.19115 -0.47603 -0.35264
171067.00000 2.19115 -0.47606 -0.35264
171068.00000 2.19115 -0.47603 -0.35261
171069.00000 2.19114 -0.47608 -0.35267
171070.00000 2.19116 -0.47600 -0.35265
171071.00000 2.19115 -0.47603 -0.35265
171072.00000 2.19115 -0.47603 -0.35266
171073.00000 2.19115 -0.47603 -0.35262
171074.00000 2.19115 -0.47605 -0.35265
171075.00000 2.19115 -0.47602 -0.35264
171076.00000 2.19115 -0.47604 -0.35265
171077.00000 2.19116 -0.47600 -0.35265
171078.00000 2.19115 -0.47605 -0.35264
171079.00000 2.19115 -0.47603 -0.35264
171080.00000 2.19115 -0.47603 -0.35265
171081.00000 2.19115 -0.47603 -0.35265
171082.00000 2.19116 -0.47600 -0.35266
171083.00000 2.19115 -0.47604 -0.35266
171084.00000 2.19115 -0.47602 -0.35263
171085.00000 2.19115 -0.47604 -0.35264
171086.00000 2.19115 -0.47602 -0.35264
171087.00000 2.19115 -0.47601 -0.35266
171088.00000 2.19115 -0.47602 -0.35267
171089.00000 2.19115 -0.47603 -0.35265
171090.00000 2.19115 -0.47604 -0.35264
171091.00000 2.19115 -0.47605 -0.35263
171092.00000 2.19115 -0.47604 -0.35266
171093.00000 2.19115 -0.47602 -0.35266
171094.00000 2.19115 -0.47603 -0.35265
171095.00000 2.19115 -0.47602 -0.35264