172001.00000 2.19115 -0.47602 -0.35264
172002.00000 2.19118 -0.47589 -0.35257
172003.00000 2.19117 -0.47592 -0.35281
172004.00000 2.19115 -0.47603 -0.35255
172005.00000 2.19112 -0.47619 -0.35255
172006.00000 2.19118 -0.47590 -0.35263
172007.00000 2.19115 -0.47605 -0.35274
172008.00000 2.19116 -0.47600 -0.35274
172009.00000 2.19117 -0.47596 -0.35250
172010.00000 2.19114 -0.47610 -0.35270
172011.00000 2.19117 -0.47593 -0.35262
172012.00000 2.19113 -0.47613 -0.35267
172013.00000 2.19116 -0.47598 -0.35264
172014.00000 2.19116 -0.47602 -0.35259
172015.00000 2.19116 -0.47601 -0.35272
172016.00000 2.19116 -0.47599 -0.35264
172017.00000 2.19114 -0.47610 -0.35261
172018.00000 2.19116 -0.47600 -0.35263
172019.00000 2.19114 -0.47607 -0.35265
172020.00000 2.19117 -0.47593 -0.35268
172021.00000 2.19115 -0.47604 -0.35267
172022.00000 2.19115 -0.47604 -0.35261
172023.00000 2.19115 -0.47602 -0.35262
172024.00000 2.19114 -0.47609 -0.35266
172025.00000 2.19117 -0.47596 -0.35263
172026.00000 2.19115 -0.47604 -0.35270
172027.00000 2.19116 -0.47598 -0.35263
172028.00000 2.19115 -0.47603 -0.35264
172029.00000 2.19115 -0.47606 -0.35264
172030.00000 2.19116 -0.47599 -0.35263
172031.00000 2.19115 -0.47603 -0.35266
172032.00000 2.19116 -0.47600 -0.35265
172033.00000 2.19116 -0.47600 -0.35266
172034.00000 2.19115 -0.47603 -0.35263
172035.00000 2.19115 -0.47605 -0.35263
172036.00000 2.19116 -0.47600 -0.35264
172037.00000 2.19115 -0.47601 -0.35267
172038.00000 2.19116 -0.47599 -0.35267
172039.00000 2.19115 -0.47603 -0.35264
172040.00000 2.19115 -0.47603 -0.35264
172041.00000 2.19115 -0.47603 -0.35262
172042.00000 2.19115 -0.47604 -0.35266
172043.00000 2.19116 -0.47598 -0.35265
172044.00000 2.19115 -0.47603 -0.35265
172045.00000 2.19115 -0.47601 -0.35264
172046.00000 2.19115 -0.47604 -0.35263
172047.00000 2.19115 -0.47603 -0.35265
172048.00000 2.19116 -0.47601 -0.35264
172049.00000 2.19115 -0.47603 -0.35266
172050.00000 2.19116 -0.47601 -0.35263
172051.00000 2.19115 -0.47604 -0.35264
172052.00000 2.19115 -0.47602 -0.35263
172053.00000 2.19115 -0.47602 -0.35264
172054.00000 2.19116 -0.47600 -0.35265
172055.00000 2.19116 -0.47600 -0.35266
172056.00000 2.19116 -0.47601 -0.35265
172057.00000 2.19116 -0.47601 -0.35263
172058.00000 2.19115 -0.47603 -0.35263
172059.00000 2.19115 -0.47601 -0.35264
172060.00000 2.19116 -0.47601 -0.35265
172061.00000 2.19116 -0.47601 -0.35264
172062.00000 2.19115 -0.47602 -0.35263
172063.00000 2.19115 -0.47605 -0.35263
172064.00000 2.19115 -0.47603 -0.35263
172065.00000 2.19115 -0.47603 -0.35265
172066.00000 2.19116 -0.47601 -0.35264
172067.00000 2.19115 -0.47602 -0.35265
172068.00000 2.19115 -0.47602 -0.35264
172069.00000 2.19115 -0.47603 -0.35263
172070.00000 2.19115 -0.47602 -0.35265
172071.00000 2.19115 -0.47602 -0.35265
172072.00000 2.19116 -0.47601 -0.35265
172073.00000 2.19116 -0.47601 -0.35265
172074.00000 2.19115 -0.47604 -0.35265
172075.00000 2.19115 -0.47602 -0.35263
172076.00000 2.19115 -0.47601 -0.35266
172077.00000 2.19116 -0.47600 -0.35266
172078.00000 2.19116 -0.47601 -0.35264
172079.00000 2.19115 -0.47603 -0.35265
172080.00000 2.19115 -0.47603 -0.35263
172081.00000 2.19115 -0.47604 -0.35264
172082.00000 2.19115 -0.47602 -0.35266
172083.00000 2.19115 -0.47602 -0.35265
172084.00000 2.19115 -0.47601 -0.35265
172085.00000 2.19115 -0.47602 -0.35264
172086.00000 2.19115 -0.47603 -0.35263
172087.00000 2.19115 -0.47603 -0.35265
172088.00000 2.19115 -0.47602 -0.35266
172089.00000 2.19115 -0.47602 -0.35266
172090.00000 2.19115 -0.47601 -0.35264
172091.00000 2.19115 -0.47603 -0.35263
172092.00000 2.19115 -0.47603 -0.35264
172093.00000 2.19115 -0.47602 -0.35264
172094.00000 2.19116 -0.47600 -0.35264
172095.00000 2.19116 -0.47600 -0.35266
172096.00000 2.19116 -0.47601 -0.35263
172097.00000 2.19115 -0.47604 -0.35265
172098.00000 2.19115 -0.47603 -0.35264
172099.00000 2.19115 -0.47602 -0.35265
172100.00000 2.19116 -0.47600 -0.35266
172101.00000 2.19115 -0.47602 -0.35265
172102.00000 2.19115 -0.47603 -0.35265
172103.00000 2.19115 -0.47604 -0.35263
172104.00000 2.19115 -0.47603 -0.35265
172105.00000 2.19116 -0.47600 -0.35265
172106.00000 2.19116 -0.47600 -0.35265
172107.00000 2.19116 -0.47601 -0.35265
172108.00000 2.19115 -0.47604 -0.35263
172109.00000 2.19115 -0.47602 -0.35264
172110.00000 2.19115 -0.47602 -0.35265
172111.00000 2.19115 -0.47602 -0.35265
172112.00000 2.19116 -0.47601 -0.35265
172113.00000 2.19115 -0.47602 -0.35265
172114.00000 2.19115 -0.47603 -0.35263
172115.00000 2.19115 -0.47604 -0.35264
172116.00000 2.19115 -0.47602 -0.35265
172117.00000 2.19116 -0.47601 -0.35265
172118.00000 2.19116 -0.47600 -0.35265
172119.00000 2.19116 -0.47601 -0.35264
172120.00000 2.19115 -0.47603 -0.35263
172121.00000 2.19115 -0.47603 -0.35264
172122.00000 2.19116 -0.47601 -0.35265
172123.00000 2.19116 -0.47601 -0.35265
172124.00000 2.19116 -0.47601 -0.35265
172125.00000 2.19116 -0.47600 -0.35265
172126.00000 2.19115 -0.47603 -0.35264
172127.00000 2.19115 -0.47602 -0.35263
172128.00000 2.19116 -0.47601 -0.35264
172129.00000 2.19115 -0.47602 -0.35266
172130.00000 2.19115 -0.47602 -0.35265
172131.00000 2.19115 -0.47603 -0.35264
172132.00000 2.19115 -0.47603 -0.35263
172133.00000 2.19115 -0.47603 -0.35264
172134.00000 2.19115 -0.47602 -0.35266
172135.00000 2.19116 -0.47601 -0.35265
172136.00000 2.19115 -0.47602 -0.35264
172137.00000 2.19115 -0.47603 -0.35264
172138.00000 2.19115 -0.47602 -0.35265
172139.00000 2.19115 -0.47602 -0.35264
172140.00000 2.19115 -0.47603 -0.35265
172141.00000 2.19115 -0.47603 -0.35264
172142.00000 2.19115 -0.47603 -0.35265
172143.00000 2.19115 -0.47602 -0.35263
172144.00000 2.19115 -0.47602 -0.35265