173001.00000 2.19115 -0.47602 -0.35264
173002.00000 2.19115 -0.47602 -0.35263
173003.00000 2.19116 -0.47600 -0.35278
173004.00000 2.19114 -0.47608 -0.35255
173005.00000 2.19117 -0.47593 -0.35262
173006.00000 2.19116 -0.47600 -0.35275
173007.00000 2.19114 -0.47610 -0.35273
173008.00000 2.19117 -0.47594 -0.35248
173009.00000 2.19113 -0.47612 -0.35266
173010.00000 2.19118 -0.47587 -0.35268
173011.00000 2.19114 -0.47609 -0.35268
173012.00000 2.19115 -0.47604 -0.35260
173013.00000 2.19115 -0.47606 -0.35254
173014.00000 2.19114 -0.47607 -0.35272
173015.00000 2.19117 -0.47592 -0.35267
173016.00000 2.19114 -0.47609 -0.35265
173017.00000 2.19116 -0.47599 -0.35265
173018.00000 2.19114 -0.47608 -0.35261
173019.00000 2.19115 -0.47602 -0.35265
173020.00000 2.19115 -0.47604 -0.35264
173021.00000 2.19115 -0.47605 -0.35263
173022.00000 2.19117 -0.47594 -0.35266
173023.00000 2.19114 -0.47608 -0.35266
173024.00000 2.19116 -0.47597 -0.35262
173025.00000 2.19114 -0.47607 -0.35264
173026.00000 2.19116 -0.47601 -0.35261
173027.00000 2.19116 -0.47598 -0.35267
173028.00000 2.19115 -0.47603 -0.35266
173029.00000 2.19116 -0.47597 -0.35263
173030.00000 2.19114 -0.47608 -0.35265
173031.00000 2.19115 -0.47602 -0.35262
173032.00000 2.19115 -0.47602 -0.35265
173033.00000 2.19115 -0.47602 -0.35266
173034.00000 2.19116 -0.47600 -0.35265
173035.00000 2.19115 -0.47603 -0.35265
173036.00000 2.19115 -0.47605 -0.35263
173037.00000 2.19115 -0.47604 -0.35262
173038.00000 2.19115 -0.47603 -0.35265
173039.00000 2.19116 -0.47601 -0.35265
173040.00000 2.19116 -0.47601 -0.35265
173041.00000 2.19115 -0.47604 -0.35264
173042.00000 2.19115 -0.47602 -0.35261
173043.00000 2.19115 -0.47604 -0.35265
173044.00000 2.19116 -0.47601 -0.35264
173045.00000 2.19116 -0.47600 -0.35265
173046.00000 2.19115 -0.47603 -0.35266
173047.00000 2.19116 -0.47600 -0.35262
173048.00000 2.19115 -0.47605 -0.35264
173049.00000 2.19116 -0.47600 -0.35265
173050.00000 2.19115 -0.47602 -0.35264
173051.00000 2.19116 -0.47600 -0.35266
173052.00000 2.19115 -0.47602 -0.35264
173053.00000 2.19115 -0.47604 -0.35263
173054.00000 2.19115 -0.47603 -0.35263
173055.00000 2.19115 -0.47605 -0.35263
173056.00000 2.19116 -0.47601 -0.35265
