181001.00000 2.14227 -0.74347 -0.19229
181002.00000 2.14227 -0.74347 -0.19230
181003.00000 2.14227 -0.74348 -0.19229
181004.00000 2.14227 -0.74347 -0.19229
181005.00000 2.14228 -0.74346 -0.19229
181006.00000 2.14227 -0.74347 -0.19230
181007.00000 2.14227 -0.74347 -0.19230
181008.00000 2.14228 -0.74346 -0.19229
181009.00000 2.14228 -0.74346 -0.19230
181010.00000 2.14228 -0.74346 -0.19229
181011.00000 2.14228 -0.74346 -0.19228
181012.00000 2.14227 -0.74347 -0.19230
181013.00000 2.14228 -0.74347 -0.19229
181014.00000 2.14227 -0.74347 -0.19229
181015.00000 2.14228 -0.74346 -0.19229
181016.00000 2.14228 -0.74346 -0.19228
181017.00000 2.14228 -0.74345 -0.19230
181018.00000 2.14228 -0.74346 -0.19229
181019.00000 2.14227 -0.74347 -0.19229
181020.00000 2.14227 -0.74347 -0.19230
181021.00000 2.14228 -0.74346 -0.19229
181022.00000 2.14227 -0.74347 -0.19231
181023.00000 2.14228 -0.74346 -0.19229
181024.00000 2.14228 -0.74346 -0.19229
181025.00000 2.14228 -0.74346 -0.19230
181026.00000 2.14228 -0.74346 -0.19229
181027.00000 2.14227 -0.74347 -0.19229
181028.00000 2.14227 -0.74347 -0.19228
181029.00000 2.14229 -0.74339 -0.19237
181030.00000 2.14229 -0.74339 -0.19251
181031.00000 2.14228 -0.74346 -0.19218
181032.00000 2.14223 -0.74371 -0.19220
181033.00000 2.14228 -0.74341 -0.19231
181034.00000 2.14228 -0.74344 -0.19238
181035.00000 2.14226 -0.74352 -0.19238
181036.00000 2.14229 -0.74339 -0.19218
181037.00000 2.14226 -0.74354 -0.19241
181038.00000 2.14229 -0.74339 -0.19231
181039.00000 2.14225 -0.74362 -0.19224
181040.00000 2.14227 -0.74349 -0.19229
181041.00000 2.14227 -0.74349 -0.19229
181042.00000 2.14227 -0.74349 -0.19229
181043.00000 2.14227 -0.74349 -0.19229
181044.00000 2.14225 -0.74358 -0.19226
181045.00000 2.14227 -0.74347 -0.19228
181046.00000 2.14226 -0.74354 -0.19233
181047.00000 2.14229 -0.74341 -0.19232
181048.00000 2.14227 -0.74347 -0.19234
181049.00000 2.14226 -0.74352 -0.19228
181050.00000 2.14228 -0.74347 -0.19227
181051.00000 2.14226 -0.74354 -0.19233
181052.00000 2.14228 -0.74342 -0.19228
181053.00000 2.14227 -0.74349 -0.19235
181054.00000 2.14228 -0.74345 -0.19229
181055.00000 2.14227 -0.74348 -0.19230
181056.00000 2.14226 -0.74355 -0.19230
181057.00000 2.14227 -0.74347 -0.19228
181058.00000 2.14227 -0.74349 -0.19232
181059.00000 2.14227 -0.74347 -0.19232
181060.00000 2.14228 -0.74346 -0.19232
181061.00000 2.14227 -0.74349 -0.19230
181062.00000 2.14227 -0.74351 -0.19230
181063.00000 2.14228 -0.74346 -0.19229
181064.00000 2.14227 -0.74349 -0.19232
181065.00000 2.14228 -0.74345 -0.19231
181066.00000 2.14227 -0.74348 -0.19229
181067.00000 2.14227 -0.74352 -0.19231
181068.00000 2.14227 -0.74348 -0.19228
181069.00000 2.14226 -0.74354 -0.19232
181070.00000 2.14228 -0.74346 -0.19231
181071.00000 2.14227 -0.74349 -0.19230
181072.00000 2.14227 -0.74348 -0.19232
181073.00000 2.14227 -0.74349 -0.19228
181074.00000 2.14227 -0.74352 -0.19230
181075.00000 2.14227 -0.74348 -0.19231
181076.00000 2.14227 -0.74350 -0.19232
181077.00000 2.14228 -0.74346 -0.19232
181078.00000 2.14227 -0.74350 -0.19231
181079.00000 2.14227 -0.74348 -0.19229
181080.00000 2.14227 -0.74348 -0.19231
181081.00000 2.14227 -0.74349 -0.19231
181082.00000 2.14228 -0.74346 -0.19231
181083.00000 2.14227 -0.74349 -0.19231
181084.00000 2.14227 -0.74348 -0.19229
181085.00000 2.14227 -0.74350 -0.19230
181086.00000 2.14227 -0.74348 -0.19230
181087.00000 2.14227 -0.74348 -0.19231
181088.00000 2.14227 -0.74347 -0.19231
181089.00000 2.14227 -0.74349 -0.19230
181090.00000 2.14227 -0.74350 -0.19231
181091.00000 2.14227 -0.74350 -0.19230
181092.00000 2.14227 -0.74349 -0.19231
181093.00000 2.14227 -0.74347 -0.19231
181094.00000 2.14227 -0.74349 -0.19231
181095.00000 2.14227 -0.74348 -0.19230