182001.00000 2.14227 -0.74347 -0.19229
182002.00000 2.14230 -0.74334 -0.19222
182003.00000 2.14229 -0.74338 -0.19246
182004.00000 2.14227 -0.74349 -0.19220
182005.00000 2.14224 -0.74364 -0.19221
182006.00000 2.14230 -0.74336 -0.19229
182007.00000 2.14227 -0.74350 -0.19241
182008.00000 2.14228 -0.74345 -0.19239
182009.00000 2.14229 -0.74342 -0.19217
182010.00000 2.14226 -0.74355 -0.19236
182011.00000 2.14229 -0.74339 -0.19230
182012.00000 2.14225 -0.74358 -0.19233
182013.00000 2.14228 -0.74344 -0.19230
182014.00000 2.14228 -0.74347 -0.19226
182015.00000 2.14227 -0.74346 -0.19237
182016.00000 2.14228 -0.74344 -0.19231
182017.00000 2.14226 -0.74355 -0.19227
182018.00000 2.14228 -0.74345 -0.19229
182019.00000 2.14226 -0.74352 -0.19231
182020.00000 2.14229 -0.74339 -0.19233
182021.00000 2.14227 -0.74350 -0.19232
182022.00000 2.14227 -0.74349 -0.19227
182023.00000 2.14227 -0.74348 -0.19228
182024.00000 2.14226 -0.74354 -0.19232
182025.00000 2.14228 -0.74342 -0.19228
182026.00000 2.14227 -0.74350 -0.19234
182027.00000 2.14228 -0.74343 -0.19229
182028.00000 2.14227 -0.74349 -0.19230
182029.00000 2.14227 -0.74352 -0.19231
182030.00000 2.14228 -0.74344 -0.19228
182031.00000 2.14227 -0.74349 -0.19232
182032.00000 2.14228 -0.74345 -0.19230
182033.00000 2.14228 -0.74346 -0.19231
182034.00000 2.14227 -0.74349 -0.19229
182035.00000 2.14227 -0.74351 -0.19230
182036.00000 2.14228 -0.74345 -0.19228
182037.00000 2.14227 -0.74347 -0.19232
182038.00000 2.14228 -0.74344 -0.19230
182039.00000 2.14227 -0.74349 -0.19229
182040.00000 2.14227 -0.74349 -0.19229
182041.00000 2.14227 -0.74349 -0.19228
182042.00000 2.14227 -0.74351 -0.19233
182043.00000 2.14228 -0.74343 -0.19230
182044.00000 2.14227 -0.74348 -0.19231
182045.00000 2.14227 -0.74347 -0.19231
182046.00000 2.14227 -0.74350 -0.19229
182047.00000 2.14227 -0.74349 -0.19231
182048.00000 2.14227 -0.74347 -0.19231
182049.00000 2.14227 -0.74349 -0.19231
182050.00000 2.14228 -0.74346 -0.19231
182051.00000 2.14227 -0.74350 -0.19230
182052.00000 2.14227 -0.74348 -0.19229
182053.00000 2.14227 -0.74348 -0.19230
182054.00000 2.14228 -0.74346 -0.19230
182055.00000 2.14228 -0.74346 -0.19232
182056.00000 2.14227 -0.74347 -0.19231
182057.00000 2.14227 -0.74347 -0.19230
182058.00000 2.14227 -0.74349 -0.19230
182059.00000 2.14227 -0.74347 -0.19229
182060.00000 2.14227 -0.74347 -0.19230
182061.00000 2.14228 -0.74346 -0.19231
182062.00000 2.14227 -0.74347 -0.19229
182063.00000 2.14227 -0.74350 -0.19230
182064.00000 2.14227 -0.74348 -0.19229
182065.00000 2.14227 -0.74348 -0.19230
182066.00000 2.14227 -0.74347 -0.19231
182067.00000 2.14227 -0.74348 -0.19231
182068.00000 2.14227 -0.74347 -0.19230
182069.00000 2.14227 -0.74348 -0.19230
182070.00000 2.14227 -0.74348 -0.19231
182071.00000 2.14227 -0.74347 -0.19231
182072.00000 2.14228 -0.74346 -0.19231
182073.00000 2.14228 -0.74346 -0.19231
182074.00000 2.14227 -0.74349 -0.19230
182075.00000 2.14227 -0.74347 -0.19229
182076.00000 2.14227 -0.74347 -0.19231
182077.00000 2.14228 -0.74345 -0.19231
182078.00000 2.14227 -0.74347 -0.19231
182079.00000 2.14227 -0.74348 -0.19230
182080.00000 2.14227 -0.74348 -0.19230
182081.00000 2.14227 -0.74349 -0.19230
182082.00000 2.14227 -0.74348 -0.19231
182083.00000 2.14227 -0.74347 -0.19230
182084.00000 2.14228 -0.74346 -0.19230
182085.00000 2.14227 -0.74348 -0.19230
182086.00000 2.14227 -0.74349 -0.19230
182087.00000 2.14227 -0.74348 -0.19230
182088.00000 2.14227 -0.74348 -0.19230
182089.00000 2.14227 -0.74348 -0.19231
182090.00000 2.14227 -0.74347 -0.19230
182091.00000 2.14227 -0.74348 -0.19229
182092.00000 2.14227 -0.74349 -0.19229
182093.00000 2.14227 -0.74347 -0.19230
182094.00000 2.14228 -0.74346 -0.19231
182095.00000 2.14228 -0.74345 -0.19230
182096.00000 2.14227 -0.74347 -0.19230
182097.00000 2.14227 -0.74348 -0.19230
182098.00000 2.14227 -0.74349 -0.19230
182099.00000 2.14227 -0.74347 -0.19230
182100.00000 2.14228 -0.74346 -0.19231
182101.00000 2.14227 -0.74347 -0.19230
182102.00000 2.14227 -0.74348 -0.19230
182103.00000 2.14227 -0.74349 -0.19229
182104.00000 2.14227 -0.74348 -0.19230
182105.00000 2.14228 -0.74345 -0.19231
182106.00000 2.14228 -0.74346 -0.19230
182107.00000 2.14228 -0.74346 -0.19231
182108.00000 2.14227 -0.74350 -0.19230
182109.00000 2.14227 -0.74348 -0.19230
182110.00000 2.14227 -0.74348 -0.19230
182111.00000 2.14227 -0.74347 -0.19231
182112.00000 2.14227 -0.74347 -0.19231
182113.00000 2.14227 -0.74347 -0.19230
182114.00000 2.14227 -0.74348 -0.19230
182115.00000 2.14227 -0.74349 -0.19230
182116.00000 2.14227 -0.74347 -0.19229
182117.00000 2.14227 -0.74347 -0.19231
182118.00000 2.14228 -0.74345 -0.19231
182119.00000 2.14228 -0.74346 -0.19230
182120.00000 2.14227 -0.74348 -0.19231
182121.00000 2.14227 -0.74348 -0.19231
182122.00000 2.14227 -0.74347 -0.19231
182123.00000 2.14228 -0.74346 -0.19231
182124.00000 2.14227 -0.74347 -0.19230
182125.00000 2.14228 -0.74346 -0.19230
182126.00000 2.14227 -0.74349 -0.19229
182127.00000 2.14227 -0.74347 -0.19229
182128.00000 2.14228 -0.74347 -0.19229
182129.00000 2.14227 -0.74348 -0.19230
182130.00000 2.14227 -0.74348 -0.19230
182131.00000 2.14227 -0.74348 -0.19229
182132.00000 2.14227 -0.74348 -0.19228
182133.00000 2.14227 -0.74348 -0.19230
182134.00000 2.14227 -0.74348 -0.19231
182135.00000 2.14228 -0.74346 -0.19231
182136.00000 2.14227 -0.74348 -0.19231
182137.00000 2.14227 -0.74349 -0.19230
182138.00000 2.14227 -0.74348 -0.19230
182139.00000 2.14227 -0.74348 -0.19230
182140.00000 2.14227 -0.74347 -0.19230
182141.00000 2.14227 -0.74348 -0.19231
182142.00000 2.14227 -0.74348 -0.19230
182143.00000 2.14227 -0.74348 -0.19230
182144.00000 2.14227 -0.74348 -0.19230