183001.00000 2.14227 -0.74347 -0.19229
183002.00000 2.14227 -0.74348 -0.19230
183003.00000 2.14228 -0.74345 -0.19244
183004.00000 2.14226 -0.74353 -0.19220
183005.00000 2.14229 -0.74338 -0.19227
183006.00000 2.14228 -0.74346 -0.19243
183007.00000 2.14226 -0.74355 -0.19239
183008.00000 2.14229 -0.74339 -0.19215
183009.00000 2.14225 -0.74358 -0.19231
183010.00000 2.14230 -0.74333 -0.19234
183011.00000 2.14226 -0.74356 -0.19234
183012.00000 2.14227 -0.74350 -0.19227
183013.00000 2.14227 -0.74351 -0.19221
183014.00000 2.14226 -0.74353 -0.19237
183015.00000 2.14229 -0.74338 -0.19233
183016.00000 2.14226 -0.74354 -0.19231
183017.00000 2.14228 -0.74345 -0.19230
183018.00000 2.14226 -0.74354 -0.19228
183019.00000 2.14227 -0.74347 -0.19231
183020.00000 2.14227 -0.74349 -0.19230
183021.00000 2.14227 -0.74350 -0.19229
183022.00000 2.14229 -0.74339 -0.19232
183023.00000 2.14226 -0.74353 -0.19233
183024.00000 2.14228 -0.74342 -0.19229
183025.00000 2.14226 -0.74353 -0.19231
183026.00000 2.14227 -0.74347 -0.19227
183027.00000 2.14228 -0.74343 -0.19232
183028.00000 2.14227 -0.74349 -0.19232
183029.00000 2.14228 -0.74343 -0.19229
183030.00000 2.14226 -0.74354 -0.19231
183031.00000 2.14227 -0.74348 -0.19228
183032.00000 2.14227 -0.74348 -0.19231
183033.00000 2.14227 -0.74347 -0.19231
183034.00000 2.14228 -0.74345 -0.19230
183035.00000 2.14227 -0.74349 -0.19230
183036.00000 2.14227 -0.74351 -0.19229
183037.00000 2.14227 -0.74349 -0.19229
183038.00000 2.14227 -0.74349 -0.19230
183039.00000 2.14227 -0.74347 -0.19231
183040.00000 2.14228 -0.74346 -0.19231
183041.00000 2.14227 -0.74349 -0.19230
183042.00000 2.14227 -0.74347 -0.19228
183043.00000 2.14227 -0.74350 -0.19229
183044.00000 2.14227 -0.74347 -0.19231
183045.00000 2.14228 -0.74345 -0.19231
183046.00000 2.14227 -0.74349 -0.19232
183047.00000 2.14228 -0.74346 -0.19228
183048.00000 2.14227 -0.74350 -0.19230
183049.00000 2.14228 -0.74346 -0.19230
183050.00000 2.14227 -0.74348 -0.19231
183051.00000 2.14228 -0.74346 -0.19232
183052.00000 2.14227 -0.74347 -0.19231
183053.00000 2.14227 -0.74350 -0.19229
183054.00000 2.14227 -0.74349 -0.19230
183055.00000 2.14227 -0.74350 -0.19230
183056.00000 2.14228 -0.74346 -0.19231