191001.00000 2.09170 -0.99323 -0.36466
191002.00000 2.09170 -0.99323 -0.36465
191003.00000 2.09169 -0.99324 -0.36465
191004.00000 2.09170 -0.99323 -0.36464
191005.00000 2.09170 -0.99322 -0.36464
191006.00000 2.09170 -0.99323 -0.36465
191007.00000 2.09170 -0.99323 -0.36465
191008.00000 2.09170 -0.99321 -0.36465
191009.00000 2.09170 -0.99322 -0.36465
191010.00000 2.09170 -0.99322 -0.36464
191011.00000 2.09170 -0.99322 -0.36465
191012.00000 2.09170 -0.99323 -0.36464
191013.00000 2.09170 -0.99322 -0.36464
191014.00000 2.09170 -0.99323 -0.36465
191015.00000 2.09170 -0.99321 -0.36465
191016.00000 2.09170 -0.99321 -0.36465
191017.00000 2.09170 -0.99321 -0.36465
191018.00000 2.09170 -0.99322 -0.36465
191019.00000 2.09170 -0.99323 -0.36465
191020.00000 2.09170 -0.99323 -0.36465
191021.00000 2.09170 -0.99322 -0.36464
191022.00000 2.09170 -0.99323 -0.36465
191023.00000 2.09170 -0.99323 -0.36465
191024.00000 2.09170 -0.99322 -0.36464
191025.00000 2.09170 -0.99322 -0.36466
191026.00000 2.09170 -0.99321 -0.36464
191027.00000 2.09170 -0.99323 -0.36465
191028.00000 2.09170 -0.99322 -0.36464
191029.00000 2.09171 -0.99314 -0.36471
191030.00000 2.09171 -0.99315 -0.36487
191031.00000 2.09170 -0.99322 -0.36452
191032.00000 2.09165 -0.99347 -0.36452
191033.00000 2.09171 -0.99318 -0.36463
191034.00000 2.09170 -0.99320 -0.36472
191035.00000 2.09169 -0.99328 -0.36473
191036.00000 2.09171 -0.99315 -0.36454
191037.00000 2.09168 -0.99330 -0.36475
191038.00000 2.09171 -0.99315 -0.36466
191039.00000 2.09167 -0.99338 -0.36457
191040.00000 2.09169 -0.99324 -0.36462
191041.00000 2.09169 -0.99325 -0.36462
191042.00000 2.09169 -0.99325 -0.36462
191043.00000 2.09169 -0.99325 -0.36462
191044.00000 2.09168 -0.99334 -0.36460
191045.00000 2.09170 -0.99322 -0.36462
191046.00000 2.09169 -0.99329 -0.36467
191047.00000 2.09171 -0.99317 -0.36467
191048.00000 2.09170 -0.99323 -0.36467
191049.00000 2.09169 -0.99328 -0.36462
191050.00000 2.09170 -0.99323 -0.36461
191051.00000 2.09168 -0.99330 -0.36468
191052.00000 2.09171 -0.99318 -0.36462
191053.00000 2.09169 -0.99326 -0.36469
191054.00000 2.09170 -0.99320 -0.36463
191055.00000 2.09170 -0.99323 -0.36464
191056.00000 2.09168 -0.99330 -0.36465
191057.00000 2.09170 -0.99324 -0.36461
191058.00000 2.09169 -0.99324 -0.36465
191059.00000 2.09170 -0.99324 -0.36465
191060.00000 2.09170 -0.99322 -0.36464
191061.00000 2.09169 -0.99326 -0.36463
191062.00000 2.09169 -0.99327 -0.36464
191063.00000 2.09170 -0.99322 -0.36464
191064.00000 2.09169 -0.99325 -0.36466
191065.00000 2.09170 -0.99321 -0.36466
191066.00000 2.09169 -0.99324 -0.36465
191067.00000 2.09169 -0.99327 -0.36465
191068.00000 2.09169 -0.99325 -0.36462
191069.00000 2.09168 -0.99329 -0.36467
191070.00000 2.09170 -0.99321 -0.36465
191071.00000 2.09169 -0.99325 -0.36464
191072.00000 2.09169 -0.99324 -0.36466
191073.00000 2.09170 -0.99324 -0.36462
191074.00000 2.09169 -0.99327 -0.36464
191075.00000 2.09169 -0.99324 -0.36464
191076.00000 2.09169 -0.99325 -0.36465
191077.00000 2.09170 -0.99321 -0.36466
191078.00000 2.09169 -0.99327 -0.36464
191079.00000 2.09170 -0.99324 -0.36463
191080.00000 2.09170 -0.99324 -0.36465
191081.00000 2.09169 -0.99324 -0.36465
191082.00000 2.09170 -0.99322 -0.36466
191083.00000 2.09169 -0.99326 -0.36467
191084.00000 2.09170 -0.99324 -0.36464
191085.00000 2.09169 -0.99326 -0.36465
191086.00000 2.09170 -0.99323 -0.36466
191087.00000 2.09170 -0.99323 -0.36467
191088.00000 2.09170 -0.99324 -0.36466
191089.00000 2.09169 -0.99324 -0.36464
191090.00000 2.09169 -0.99325 -0.36465
191091.00000 2.09169 -0.99326 -0.36464
191092.00000 2.09169 -0.99325 -0.36466
191093.00000 2.09170 -0.99323 -0.36466
191094.00000 2.09169 -0.99325 -0.36465
191095.00000 2.09170 -0.99324 -0.36464