192001.00000 2.09170 -0.99323 -0.36466
192002.00000 2.09172 -0.99310 -0.36459
192003.00000 2.09171 -0.99313 -0.36482
192004.00000 2.09170 -0.99325 -0.36456
192005.00000 2.09167 -0.99340 -0.36457
192006.00000 2.09172 -0.99312 -0.36468
192007.00000 2.09169 -0.99326 -0.36479
192008.00000 2.09170 -0.99321 -0.36476
192009.00000 2.09171 -0.99318 -0.36453
192010.00000 2.09168 -0.99331 -0.36472
192011.00000 2.09171 -0.99315 -0.36464
192012.00000 2.09168 -0.99334 -0.36469
192013.00000 2.09170 -0.99320 -0.36465
192014.00000 2.09170 -0.99323 -0.36462
192015.00000 2.09170 -0.99322 -0.36472
192016.00000 2.09170 -0.99320 -0.36466
192017.00000 2.09168 -0.99331 -0.36462
192018.00000 2.09170 -0.99321 -0.36462
192019.00000 2.09169 -0.99328 -0.36466
192020.00000 2.09171 -0.99314 -0.36469
192021.00000 2.09169 -0.99325 -0.36468
192022.00000 2.09169 -0.99326 -0.36462
192023.00000 2.09170 -0.99324 -0.36463
192024.00000 2.09168 -0.99330 -0.36467
192025.00000 2.09171 -0.99317 -0.36465
192026.00000 2.09169 -0.99325 -0.36471
192027.00000 2.09170 -0.99319 -0.36466
192028.00000 2.09169 -0.99325 -0.36466
192029.00000 2.09169 -0.99328 -0.36466
192030.00000 2.09170 -0.99320 -0.36464
192031.00000 2.09169 -0.99324 -0.36469
192032.00000 2.09170 -0.99321 -0.36466
192033.00000 2.09170 -0.99322 -0.36467
192034.00000 2.09169 -0.99325 -0.36464
192035.00000 2.09169 -0.99326 -0.36466
192036.00000 2.09170 -0.99322 -0.36465
192037.00000 2.09170 -0.99323 -0.36468
192038.00000 2.09170 -0.99320 -0.36467
192039.00000 2.09169 -0.99325 -0.36466
192040.00000 2.09169 -0.99325 -0.36466
192041.00000 2.09169 -0.99325 -0.36464
192042.00000 2.09169 -0.99326 -0.36468
192043.00000 2.09170 -0.99319 -0.36466
192044.00000 2.09169 -0.99324 -0.36468
192045.00000 2.09170 -0.99323 -0.36465
192046.00000 2.09169 -0.99326 -0.36464
192047.00000 2.09169 -0.99325 -0.36467
192048.00000 2.09170 -0.99323 -0.36465
192049.00000 2.09169 -0.99325 -0.36468
192050.00000 2.09170 -0.99322 -0.36466
192051.00000 2.09169 -0.99326 -0.36466
192052.00000 2.09169 -0.99324 -0.36465
192053.00000 2.09170 -0.99323 -0.36466
192054.00000 2.09170 -0.99322 -0.36467
192055.00000 2.09170 -0.99322 -0.36468
192056.00000 2.09170 -0.99323 -0.36469
192057.00000 2.09170 -0.99322 -0.36466
192058.00000 2.09169 -0.99324 -0.36468
192059.00000 2.09170 -0.99323 -0.36465
192060.00000 2.09170 -0.99322 -0.36467
192061.00000 2.09170 -0.99322 -0.36466
192062.00000 2.09170 -0.99323 -0.36464
192063.00000 2.09169 -0.99326 -0.36468
192064.00000 2.09169 -0.99324 -0.36467
192065.00000 2.09169 -0.99324 -0.36468
192066.00000 2.09170 -0.99322 -0.36468
192067.00000 2.09170 -0.99323 -0.36469
192068.00000 2.09170 -0.99323 -0.36465
192069.00000 2.09169 -0.99325 -0.36465
192070.00000 2.09170 -0.99323 -0.36466
192071.00000 2.09170 -0.99323 -0.36466
192072.00000 2.09170 -0.99322 -0.36467
192073.00000 2.09170 -0.99322 -0.36464
192074.00000 2.09169 -0.99325 -0.36466
192075.00000 2.09170 -0.99323 -0.36465
192076.00000 2.09170 -0.99323 -0.36465
192077.00000 2.09170 -0.99322 -0.36466
192078.00000 2.09170 -0.99323 -0.36466
192079.00000 2.09169 -0.99324 -0.36465
192080.00000 2.09169 -0.99324 -0.36464
192081.00000 2.09169 -0.99325 -0.36465
192082.00000 2.09170 -0.99324 -0.36465
192083.00000 2.09170 -0.99322 -0.36465
192084.00000 2.09170 -0.99322 -0.36465
192085.00000 2.09169 -0.99324 -0.36465
192086.00000 2.09169 -0.99325 -0.36464
192087.00000 2.09170 -0.99324 -0.36465
192088.00000 2.09170 -0.99324 -0.36466
192089.00000 2.09169 -0.99324 -0.36467
192090.00000 2.09170 -0.99323 -0.36467
192091.00000 2.09169 -0.99325 -0.36465
192092.00000 2.09169 -0.99325 -0.36466
192093.00000 2.09170 -0.99324 -0.36466
192094.00000 2.09170 -0.99322 -0.36466
192095.00000 2.09170 -0.99322 -0.36467
192096.00000 2.09170 -0.99323 -0.36466
192097.00000 2.09169 -0.99324 -0.36465
192098.00000 2.09169 -0.99324 -0.36467
192099.00000 2.09170 -0.99323 -0.36468
192100.00000 2.09170 -0.99322 -0.36468
192101.00000 2.09170 -0.99323 -0.36467
192102.00000 2.09169 -0.99324 -0.36467
192103.00000 2.09169 -0.99325 -0.36466
192104.00000 2.09169 -0.99325 -0.36466
192105.00000 2.09170 -0.99321 -0.36467
192106.00000 2.09170 -0.99322 -0.36468
192107.00000 2.09170 -0.99322 -0.36466
192108.00000 2.09169 -0.99325 -0.36466
192109.00000 2.09170 -0.99323 -0.36466
192110.00000 2.09170 -0.99323 -0.36466
192111.00000 2.09170 -0.99323 -0.36467
192112.00000 2.09170 -0.99322 -0.36466
192113.00000 2.09170 -0.99323 -0.36466
192114.00000 2.09169 -0.99324 -0.36464
192115.00000 2.09169 -0.99325 -0.36466
192116.00000 2.09170 -0.99323 -0.36465
192117.00000 2.09170 -0.99322 -0.36466
192118.00000 2.09170 -0.99321 -0.36466
192119.00000 2.09170 -0.99322 -0.36466
192120.00000 2.09170 -0.99324 -0.36465
192121.00000 2.09169 -0.99324 -0.36465
192122.00000 2.09170 -0.99323 -0.36466
192123.00000 2.09170 -0.99322 -0.36468
192124.00000 2.09170 -0.99323 -0.36467
192125.00000 2.09170 -0.99322 -0.36466
192126.00000 2.09169 -0.99324 -0.36466
192127.00000 2.09170 -0.99323 -0.36466
192128.00000 2.09170 -0.99322 -0.36466
192129.00000 2.09170 -0.99324 -0.36468
192130.00000 2.09170 -0.99324 -0.36467
192131.00000 2.09169 -0.99324 -0.36467
192132.00000 2.09170 -0.99323 -0.36466
192133.00000 2.09170 -0.99324 -0.36466
192134.00000 2.09169 -0.99324 -0.36467
192135.00000 2.09170 -0.99322 -0.36466
192136.00000 2.09170 -0.99323 -0.36466
192137.00000 2.09169 -0.99325 -0.36467
192138.00000 2.09170 -0.99324 -0.36466
192139.00000 2.09170 -0.99324 -0.36466
192140.00000 2.09170 -0.99323 -0.36466
192141.00000 2.09169 -0.99324 -0.36466
192142.00000 2.09170 -0.99324 -0.36465
192143.00000 2.09169 -0.99324 -0.36464
192144.00000 2.09170 -0.99323 -0.36465