193001.00000 2.09170 -0.99323 -0.36466
193002.00000 2.09170 -0.99323 -0.36464
193003.00000 2.09170 -0.99321 -0.36479
193004.00000 2.09169 -0.99329 -0.36454
193005.00000 2.09171 -0.99314 -0.36462
193006.00000 2.09170 -0.99322 -0.36478
193007.00000 2.09168 -0.99331 -0.36475
193008.00000 2.09171 -0.99316 -0.36449
193009.00000 2.09168 -0.99334 -0.36465
193010.00000 2.09172 -0.99309 -0.36470
193011.00000 2.09168 -0.99331 -0.36469
193012.00000 2.09169 -0.99326 -0.36462
193013.00000 2.09169 -0.99328 -0.36457
193014.00000 2.09169 -0.99328 -0.36473
193015.00000 2.09171 -0.99314 -0.36468
193016.00000 2.09168 -0.99330 -0.36466
193017.00000 2.09170 -0.99320 -0.36465
193018.00000 2.09168 -0.99330 -0.36463
193019.00000 2.09169 -0.99324 -0.36467
193020.00000 2.09169 -0.99325 -0.36465
193021.00000 2.09169 -0.99326 -0.36464
193022.00000 2.09171 -0.99315 -0.36469
193023.00000 2.09169 -0.99329 -0.36466
193024.00000 2.09171 -0.99318 -0.36464
193025.00000 2.09169 -0.99329 -0.36465
193026.00000 2.09170 -0.99323 -0.36463
193027.00000 2.09170 -0.99319 -0.36468
193028.00000 2.09169 -0.99324 -0.36468
193029.00000 2.09171 -0.99318 -0.36464
193030.00000 2.09168 -0.99329 -0.36466
193031.00000 2.09170 -0.99324 -0.36464
193032.00000 2.09170 -0.99324 -0.36467
193033.00000 2.09170 -0.99324 -0.36467
193034.00000 2.09170 -0.99321 -0.36466
193035.00000 2.09169 -0.99325 -0.36466
193036.00000 2.09169 -0.99327 -0.36466
193037.00000 2.09169 -0.99325 -0.36464
193038.00000 2.09169 -0.99325 -0.36466
193039.00000 2.09170 -0.99323 -0.36467
193040.00000 2.09170 -0.99323 -0.36466
193041.00000 2.09169 -0.99326 -0.36467
193042.00000 2.09170 -0.99324 -0.36463
193043.00000 2.09169 -0.99325 -0.36466
193044.00000 2.09170 -0.99323 -0.36468
193045.00000 2.09170 -0.99321 -0.36466
193046.00000 2.09169 -0.99324 -0.36467
193047.00000 2.09170 -0.99322 -0.36464
193048.00000 2.09169 -0.99326 -0.36465
193049.00000 2.09170 -0.99322 -0.36465
193050.00000 2.09170 -0.99324 -0.36465
193051.00000 2.09170 -0.99322 -0.36468
193052.00000 2.09170 -0.99323 -0.36465
193053.00000 2.09169 -0.99325 -0.36464
193054.00000 2.09169 -0.99324 -0.36465
193055.00000 2.09169 -0.99326 -0.36465
193056.00000 2.09170 -0.99322 -0.36465