201001.00000 2.04611 -1.24403 -0.19768
201002.00000 2.04611 -1.24403 -0.19768
201003.00000 2.04611 -1.24404 -0.19768
201004.00000 2.04611 -1.24403 -0.19768
201005.00000 2.04612 -1.24402 -0.19768
201006.00000 2.04611 -1.24403 -0.19768
201007.00000 2.04611 -1.24403 -0.19769
201008.00000 2.04612 -1.24402 -0.19768
201009.00000 2.04612 -1.24403 -0.19769
201010.00000 2.04612 -1.24402 -0.19768
201011.00000 2.04612 -1.24403 -0.19769
201012.00000 2.04611 -1.24404 -0.19768
201013.00000 2.04612 -1.24403 -0.19767
201014.00000 2.04611 -1.24403 -0.19766
201015.00000 2.04612 -1.24402 -0.19768
201016.00000 2.04612 -1.24402 -0.19768
201017.00000 2.04612 -1.24401 -0.19766
201018.00000 2.04612 -1.24403 -0.19769
201019.00000 2.04612 -1.24403 -0.19767
201020.00000 2.04611 -1.24403 -0.19768
201021.00000 2.04612 -1.24403 -0.19765
201022.00000 2.04611 -1.24403 -0.19766
201023.00000 2.04612 -1.24403 -0.19766
201024.00000 2.04612 -1.24402 -0.19767
201025.00000 2.04612 -1.24402 -0.19768
201026.00000 2.04612 -1.24401 -0.19765
201027.00000 2.04611 -1.24404 -0.19768
201028.00000 2.04611 -1.24403 -0.19768
201029.00000 2.04613 -1.24395 -0.19774
201030.00000 2.04613 -1.24396 -0.19790
201031.00000 2.04612 -1.24403 -0.19758
201032.00000 2.04607 -1.24427 -0.19754
201033.00000 2.04613 -1.24398 -0.19767
201034.00000 2.04612 -1.24400 -0.19777
201035.00000 2.04610 -1.24408 -0.19777
201036.00000 2.04613 -1.24395 -0.19757
201037.00000 2.04610 -1.24411 -0.19779
201038.00000 2.04613 -1.24395 -0.19770
201039.00000 2.04609 -1.24419 -0.19763
201040.00000 2.04611 -1.24405 -0.19766
201041.00000 2.04611 -1.24405 -0.19766
201042.00000 2.04611 -1.24405 -0.19766
201043.00000 2.04611 -1.24405 -0.19766
201044.00000 2.04609 -1.24414 -0.19764
201045.00000 2.04612 -1.24403 -0.19766
201046.00000 2.04610 -1.24409 -0.19770
201047.00000 2.04613 -1.24397 -0.19769
201048.00000 2.04611 -1.24404 -0.19770
201049.00000 2.04611 -1.24408 -0.19766
201050.00000 2.04611 -1.24403 -0.19766
201051.00000 2.04610 -1.24411 -0.19771
201052.00000 2.04612 -1.24398 -0.19766
201053.00000 2.04611 -1.24406 -0.19772
201054.00000 2.04612 -1.24401 -0.19769
201055.00000 2.04611 -1.24403 -0.19769
201056.00000 2.04610 -1.24411 -0.19770
201057.00000 2.04611 -1.24404 -0.19766
201058.00000 2.04611 -1.24404 -0.19770
201059.00000 2.04611 -1.24404 -0.19770
201060.00000 2.04611 -1.24403 -0.19770
201061.00000 2.04611 -1.24406 -0.19767
201062.00000 2.04611 -1.24408 -0.19768
201063.00000 2.04612 -1.24403 -0.19766
201064.00000 2.04611 -1.24405 -0.19769
201065.00000 2.04612 -1.24401 -0.19768
201066.00000 2.04611 -1.24405 -0.19768
201067.00000 2.04610 -1.24408 -0.19770
201068.00000 2.04611 -1.24405 -0.19765
201069.00000 2.04610 -1.24410 -0.19770
201070.00000 2.04612 -1.24402 -0.19767
201071.00000 2.04611 -1.24405 -0.19769
201072.00000 2.04611 -1.24404 -0.19770
201073.00000 2.04611 -1.24405 -0.19767
201074.00000 2.04611 -1.24407 -0.19768
201075.00000 2.04611 -1.24404 -0.19770
201076.00000 2.04611 -1.24405 -0.19770
201077.00000 2.04612 -1.24402 -0.19771
201078.00000 2.04611 -1.24407 -0.19769
201079.00000 2.04611 -1.24405 -0.19767
201080.00000 2.04611 -1.24405 -0.19770
201081.00000 2.04611 -1.24404 -0.19770
201082.00000 2.04612 -1.24402 -0.19771
201083.00000 2.04611 -1.24406 -0.19768
201084.00000 2.04611 -1.24404 -0.19767
201085.00000 2.04611 -1.24406 -0.19770
201086.00000 2.04611 -1.24404 -0.19766
201087.00000 2.04611 -1.24403 -0.19769
201088.00000 2.04611 -1.24403 -0.19769
201089.00000 2.04611 -1.24405 -0.19769
201090.00000 2.04611 -1.24406 -0.19768
201091.00000 2.04611 -1.24406 -0.19768
201092.00000 2.04611 -1.24406 -0.19769
201093.00000 2.04611 -1.24403 -0.19770
201094.00000 2.04611 -1.24405 -0.19768
201095.00000 2.04611 -1.24404 -0.19767