202001.00000 2.04611 -1.24403 -0.19768
202002.00000 2.04614 -1.24391 -0.19762
202003.00000 2.04613 -1.24393 -0.19784
202004.00000 2.04611 -1.24405 -0.19757
202005.00000 2.04608 -1.24420 -0.19759
202006.00000 2.04614 -1.24391 -0.19773
202007.00000 2.04611 -1.24407 -0.19783
202008.00000 2.04612 -1.24402 -0.19779
202009.00000 2.04612 -1.24399 -0.19757
202010.00000 2.04610 -1.24411 -0.19776
202011.00000 2.04613 -1.24395 -0.19771
202012.00000 2.04609 -1.24414 -0.19773
202013.00000 2.04612 -1.24400 -0.19770
202014.00000 2.04612 -1.24403 -0.19765
202015.00000 2.04612 -1.24402 -0.19777
202016.00000 2.04612 -1.24400 -0.19770
202017.00000 2.04610 -1.24412 -0.19767
202018.00000 2.04612 -1.24402 -0.19767
202019.00000 2.04610 -1.24408 -0.19770
202020.00000 2.04613 -1.24394 -0.19773
202021.00000 2.04611 -1.24405 -0.19771
202022.00000 2.04611 -1.24406 -0.19767
202023.00000 2.04611 -1.24404 -0.19767
202024.00000 2.04610 -1.24410 -0.19772
202025.00000 2.04612 -1.24398 -0.19769
202026.00000 2.04611 -1.24406 -0.19774
202027.00000 2.04612 -1.24400 -0.19770
202028.00000 2.04611 -1.24404 -0.19770
202029.00000 2.04610 -1.24408 -0.19770
202030.00000 2.04612 -1.24400 -0.19767
202031.00000 2.04611 -1.24405 -0.19772
202032.00000 2.04612 -1.24402 -0.19770
202033.00000 2.04612 -1.24402 -0.19773
202034.00000 2.04611 -1.24405 -0.19769
202035.00000 2.04611 -1.24407 -0.19770
202036.00000 2.04612 -1.24402 -0.19768
202037.00000 2.04611 -1.24403 -0.19772
202038.00000 2.04612 -1.24401 -0.19770
202039.00000 2.04611 -1.24404 -0.19769
202040.00000 2.04611 -1.24405 -0.19770
202041.00000 2.04611 -1.24405 -0.19767
202042.00000 2.04611 -1.24406 -0.19771
202043.00000 2.04612 -1.24399 -0.19769
202044.00000 2.04611 -1.24404 -0.19770
202045.00000 2.04611 -1.24403 -0.19769
202046.00000 2.04611 -1.24406 -0.19767
202047.00000 2.04611 -1.24405 -0.19771
202048.00000 2.04611 -1.24403 -0.19770
202049.00000 2.04611 -1.24404 -0.19770
202050.00000 2.04612 -1.24402 -0.19770
202051.00000 2.04611 -1.24406 -0.19770
202052.00000 2.04611 -1.24404 -0.19769
202053.00000 2.04611 -1.24404 -0.19770
202054.00000 2.04612 -1.24401 -0.19769
202055.00000 2.04612 -1.24402 -0.19770
202056.00000 2.04611 -1.24403 -0.19770
202057.00000 2.04611 -1.24403 -0.19769
202058.00000 2.04611 -1.24405 -0.19771
202059.00000 2.04612 -1.24403 -0.19767
202060.00000 2.04611 -1.24403 -0.19770
202061.00000 2.04612 -1.24402 -0.19768
202062.00000 2.04611 -1.24403 -0.19768
202063.00000 2.04611 -1.24407 -0.19769
202064.00000 2.04611 -1.24404 -0.19768
202065.00000 2.04611 -1.24405 -0.19769
202066.00000 2.04612 -1.24403 -0.19770
202067.00000 2.04611 -1.24404 -0.19769
202068.00000 2.04611 -1.24403 -0.19769
202069.00000 2.04611 -1.24405 -0.19770
202070.00000 2.04611 -1.24404 -0.19771
202071.00000 2.04611 -1.24403 -0.19771
202072.00000 2.04611 -1.24403 -0.19772
202073.00000 2.04612 -1.24402 -0.19770
202074.00000 2.04611 -1.24405 -0.19772
202075.00000 2.04611 -1.24403 -0.19771
202076.00000 2.04611 -1.24403 -0.19771
202077.00000 2.04612 -1.24402 -0.19772
202078.00000 2.04611 -1.24404 -0.19771
202079.00000 2.04611 -1.24404 -0.19771
202080.00000 2.04611 -1.24404 -0.19770
202081.00000 2.04611 -1.24406 -0.19770
202082.00000 2.04611 -1.24404 -0.19770
202083.00000 2.04611 -1.24403 -0.19771
202084.00000 2.04612 -1.24402 -0.19770
202085.00000 2.04611 -1.24404 -0.19768
202086.00000 2.04611 -1.24405 -0.19768
202087.00000 2.04611 -1.24404 -0.19770
202088.00000 2.04611 -1.24404 -0.19770
202089.00000 2.04611 -1.24404 -0.19772
202090.00000 2.04611 -1.24404 -0.19771
202091.00000 2.04611 -1.24405 -0.19772
202092.00000 2.04611 -1.24405 -0.19770
202093.00000 2.04611 -1.24404 -0.19770
202094.00000 2.04612 -1.24402 -0.19770
202095.00000 2.04612 -1.24402 -0.19772
202096.00000 2.04611 -1.24403 -0.19771
202097.00000 2.04611 -1.24405 -0.19770
202098.00000 2.04611 -1.24405 -0.19769
202099.00000 2.04611 -1.24403 -0.19769
202100.00000 2.04612 -1.24402 -0.19770
202101.00000 2.04611 -1.24404 -0.19770
202102.00000 2.04611 -1.24404 -0.19770
202103.00000 2.04611 -1.24405 -0.19769
202104.00000 2.04611 -1.24405 -0.19769
202105.00000 2.04612 -1.24401 -0.19768
202106.00000 2.04612 -1.24402 -0.19770
202107.00000 2.04611 -1.24403 -0.19769
202108.00000 2.04611 -1.24406 -0.19770
202109.00000 2.04611 -1.24404 -0.19768
202110.00000 2.04611 -1.24403 -0.19769
202111.00000 2.04611 -1.24404 -0.19768
202112.00000 2.04611 -1.24403 -0.19770
202113.00000 2.04611 -1.24403 -0.19769
202114.00000 2.04611 -1.24404 -0.19769
202115.00000 2.04611 -1.24405 -0.19768
202116.00000 2.04611 -1.24403 -0.19769
202117.00000 2.04612 -1.24402 -0.19770
202118.00000 2.04612 -1.24401 -0.19771
202119.00000 2.04612 -1.24402 -0.19770
202120.00000 2.04611 -1.24404 -0.19769
202121.00000 2.04611 -1.24405 -0.19769
202122.00000 2.04611 -1.24403 -0.19768
202123.00000 2.04612 -1.24402 -0.19771
202124.00000 2.04612 -1.24403 -0.19770
202125.00000 2.04612 -1.24402 -0.19768
202126.00000 2.04611 -1.24405 -0.19769
202127.00000 2.04611 -1.24404 -0.19768
202128.00000 2.04611 -1.24403 -0.19771
202129.00000 2.04611 -1.24404 -0.19769
202130.00000 2.04611 -1.24404 -0.19769
202131.00000 2.04611 -1.24404 -0.19769
202132.00000 2.04611 -1.24404 -0.19769
202133.00000 2.04611 -1.24404 -0.19769
202134.00000 2.04611 -1.24405 -0.19768
202135.00000 2.04612 -1.24403 -0.19768
202136.00000 2.04611 -1.24403 -0.19769
202137.00000 2.04611 -1.24405 -0.19769
202138.00000 2.04611 -1.24404 -0.19770
202139.00000 2.04611 -1.24404 -0.19771
202140.00000 2.04611 -1.24404 -0.19770
202141.00000 2.04611 -1.24404 -0.19772
202142.00000 2.04611 -1.24405 -0.19770
202143.00000 2.04611 -1.24404 -0.19770
202144.00000 2.04611 -1.24404 -0.19771