203001.00000 2.04611 -1.24403 -0.19768
203002.00000 2.04611 -1.24404 -0.19770
203003.00000 2.04612 -1.24401 -0.19782
203004.00000 2.04610 -1.24410 -0.19759
203005.00000 2.04613 -1.24394 -0.19768
203006.00000 2.04611 -1.24402 -0.19784
203007.00000 2.04610 -1.24411 -0.19783
203008.00000 2.04613 -1.24396 -0.19756
203009.00000 2.04609 -1.24414 -0.19770
203010.00000 2.04614 -1.24389 -0.19774
203011.00000 2.04610 -1.24412 -0.19775
203012.00000 2.04611 -1.24406 -0.19767
203013.00000 2.04611 -1.24408 -0.19764
203014.00000 2.04610 -1.24409 -0.19778
203015.00000 2.04613 -1.24394 -0.19773
203016.00000 2.04610 -1.24410 -0.19769
203017.00000 2.04612 -1.24401 -0.19770
203018.00000 2.04610 -1.24410 -0.19769
203019.00000 2.04611 -1.24404 -0.19773
203020.00000 2.04611 -1.24406 -0.19772
203021.00000 2.04611 -1.24407 -0.19769
203022.00000 2.04613 -1.24395 -0.19772
203023.00000 2.04610 -1.24409 -0.19774
203024.00000 2.04612 -1.24399 -0.19771
203025.00000 2.04610 -1.24409 -0.19772
203026.00000 2.04611 -1.24403 -0.19767
203027.00000 2.04612 -1.24399 -0.19774
203028.00000 2.04611 -1.24405 -0.19775
203029.00000 2.04612 -1.24399 -0.19771
203030.00000 2.04610 -1.24410 -0.19772
203031.00000 2.04611 -1.24404 -0.19769
203032.00000 2.04611 -1.24404 -0.19772
203033.00000 2.04611 -1.24403 -0.19774
203034.00000 2.04612 -1.24401 -0.19771
203035.00000 2.04611 -1.24405 -0.19773
203036.00000 2.04611 -1.24407 -0.19773
203037.00000 2.04611 -1.24406 -0.19772
203038.00000 2.04611 -1.24405 -0.19772
203039.00000 2.04611 -1.24403 -0.19775
203040.00000 2.04611 -1.24403 -0.19771
203041.00000 2.04611 -1.24406 -0.19771
203042.00000 2.04611 -1.24403 -0.19771
203043.00000 2.04611 -1.24406 -0.19775
203044.00000 2.04611 -1.24403 -0.19773
203045.00000 2.04612 -1.24402 -0.19772
203046.00000 2.04611 -1.24405 -0.19775
203047.00000 2.04612 -1.24402 -0.19771
203048.00000 2.04611 -1.24406 -0.19772
203049.00000 2.04612 -1.24402 -0.19772
203050.00000 2.04611 -1.24404 -0.19771
203051.00000 2.04612 -1.24402 -0.19774
203052.00000 2.04611 -1.24404 -0.19772
203053.00000 2.04611 -1.24406 -0.19771
203054.00000 2.04611 -1.24404 -0.19772
203055.00000 2.04611 -1.24407 -0.19772
203056.00000 2.04612 -1.24402 -0.19772