211001.00000 2.00399 -1.45136 -0.34982
211002.00000 2.00399 -1.45136 -0.34981
211003.00000 2.00399 -1.45136 -0.34980
211004.00000 2.00399 -1.45136 -0.34980
211005.00000 2.00399 -1.45135 -0.34979
211006.00000 2.00399 -1.45136 -0.34979
211007.00000 2.00399 -1.45135 -0.34979
211008.00000 2.00399 -1.45134 -0.34977
211009.00000 2.00399 -1.45135 -0.34978
211010.00000 2.00399 -1.45135 -0.34978
211011.00000 2.00399 -1.45135 -0.34977
211012.00000 2.00399 -1.45136 -0.34979
211013.00000 2.00399 -1.45135 -0.34979
211014.00000 2.00399 -1.45136 -0.34979
211015.00000 2.00400 -1.45134 -0.34979
211016.00000 2.00400 -1.45134 -0.34978
211017.00000 2.00400 -1.45133 -0.34978
211018.00000 2.00399 -1.45135 -0.34979
211019.00000 2.00399 -1.45136 -0.34980
211020.00000 2.00399 -1.45135 -0.34980
211021.00000 2.00399 -1.45135 -0.34980
211022.00000 2.00399 -1.45136 -0.34980
211023.00000 2.00399 -1.45135 -0.34979
211024.00000 2.00399 -1.45135 -0.34977
211025.00000 2.00399 -1.45134 -0.34979
211026.00000 2.00400 -1.45134 -0.34978
211027.00000 2.00399 -1.45136 -0.34979
211028.00000 2.00399 -1.45135 -0.34978
211029.00000 2.00401 -1.45127 -0.34983
211030.00000 2.00400 -1.45128 -0.35001
211031.00000 2.00399 -1.45135 -0.34972
211032.00000 2.00395 -1.45160 -0.34964
211033.00000 2.00400 -1.45130 -0.34977
211034.00000 2.00400 -1.45132 -0.34987
211035.00000 2.00398 -1.45141 -0.34989
211036.00000 2.00401 -1.45127 -0.34968
211037.00000 2.00398 -1.45143 -0.34989
211038.00000 2.00401 -1.45128 -0.34981
211039.00000 2.00396 -1.45150 -0.34973
211040.00000 2.00399 -1.45138 -0.34977
211041.00000 2.00399 -1.45138 -0.34977
211042.00000 2.00399 -1.45138 -0.34977
211043.00000 2.00399 -1.45137 -0.34977
211044.00000 2.00397 -1.45147 -0.34976
211045.00000 2.00399 -1.45135 -0.34977
211046.00000 2.00398 -1.45142 -0.34984
211047.00000 2.00400 -1.45130 -0.34983
211048.00000 2.00399 -1.45136 -0.34983
211049.00000 2.00398 -1.45140 -0.34978
211050.00000 2.00399 -1.45136 -0.34978
211051.00000 2.00398 -1.45143 -0.34981
211052.00000 2.00400 -1.45131 -0.34976
211053.00000 2.00399 -1.45138 -0.34982
211054.00000 2.00400 -1.45133 -0.34979
211055.00000 2.00399 -1.45136 -0.34979
211056.00000 2.00398 -1.45143 -0.34978
211057.00000 2.00399 -1.45136 -0.34976
211058.00000 2.00399 -1.45137 -0.34979
211059.00000 2.00399 -1.45136 -0.34979
211060.00000 2.00399 -1.45135 -0.34978
211061.00000 2.00399 -1.45139 -0.34979
211062.00000 2.00398 -1.45140 -0.34978
211063.00000 2.00399 -1.45135 -0.34979
211064.00000 2.00399 -1.45138 -0.34981
211065.00000 2.00400 -1.45134 -0.34983
211066.00000 2.00399 -1.45136 -0.34981
211067.00000 2.00398 -1.45140 -0.34981
211068.00000 2.00399 -1.45137 -0.34979
211069.00000 2.00398 -1.45142 -0.34982
211070.00000 2.00400 -1.45134 -0.34981
211071.00000 2.00399 -1.45138 -0.34980
211072.00000 2.00399 -1.45137 -0.34980
211073.00000 2.00399 -1.45137 -0.34978
211074.00000 2.00398 -1.45140 -0.34979
211075.00000 2.00399 -1.45137 -0.34978
211076.00000 2.00399 -1.45138 -0.34980
211077.00000 2.00399 -1.45135 -0.34981
211078.00000 2.00399 -1.45139 -0.34979
211079.00000 2.00399 -1.45136 -0.34978
211080.00000 2.00399 -1.45137 -0.34978
211081.00000 2.00399 -1.45137 -0.34979
211082.00000 2.00399 -1.45134 -0.34980
211083.00000 2.00399 -1.45138 -0.34981
211084.00000 2.00399 -1.45136 -0.34979
211085.00000 2.00399 -1.45139 -0.34980
211086.00000 2.00399 -1.45137 -0.34980
211087.00000 2.00399 -1.45136 -0.34981
211088.00000 2.00399 -1.45136 -0.34981
211089.00000 2.00399 -1.45137 -0.34980
211090.00000 2.00399 -1.45138 -0.34979
211091.00000 2.00399 -1.45139 -0.34980
211092.00000 2.00399 -1.45138 -0.34981
211093.00000 2.00399 -1.45136 -0.34981
211094.00000 2.00399 -1.45138 -0.34981
211095.00000 2.00399 -1.45136 -0.34980