212001.00000 2.00399 -1.45136 -0.34982
212002.00000 2.00402 -1.45123 -0.34977
212003.00000 2.00401 -1.45126 -0.34999
212004.00000 2.00399 -1.45138 -0.34969
212005.00000 2.00396 -1.45153 -0.34969
212006.00000 2.00401 -1.45124 -0.34985
212007.00000 2.00398 -1.45139 -0.34996
212008.00000 2.00399 -1.45134 -0.34990
212009.00000 2.00400 -1.45131 -0.34970
212010.00000 2.00397 -1.45144 -0.34987
212011.00000 2.00401 -1.45128 -0.34982
212012.00000 2.00397 -1.45147 -0.34985
212013.00000 2.00400 -1.45132 -0.34984
212014.00000 2.00399 -1.45135 -0.34979
212015.00000 2.00399 -1.45134 -0.34990
212016.00000 2.00400 -1.45133 -0.34985
212017.00000 2.00398 -1.45144 -0.34981
212018.00000 2.00399 -1.45134 -0.34982
212019.00000 2.00398 -1.45141 -0.34985
212020.00000 2.00401 -1.45127 -0.34986
212021.00000 2.00399 -1.45138 -0.34986
212022.00000 2.00399 -1.45139 -0.34980
212023.00000 2.00399 -1.45136 -0.34981
212024.00000 2.00398 -1.45143 -0.34985
212025.00000 2.00400 -1.45130 -0.34982
212026.00000 2.00399 -1.45138 -0.34986
212027.00000 2.00400 -1.45132 -0.34982
212028.00000 2.00399 -1.45137 -0.34982
212029.00000 2.00398 -1.45141 -0.34983
212030.00000 2.00400 -1.45133 -0.34981
212031.00000 2.00399 -1.45137 -0.34985
212032.00000 2.00399 -1.45134 -0.34983
212033.00000 2.00399 -1.45135 -0.34983
212034.00000 2.00399 -1.45138 -0.34981
212035.00000 2.00398 -1.45139 -0.34983
212036.00000 2.00399 -1.45134 -0.34983
212037.00000 2.00399 -1.45135 -0.34985
212038.00000 2.00400 -1.45133 -0.34986
212039.00000 2.00399 -1.45137 -0.34983
212040.00000 2.00399 -1.45138 -0.34985
212041.00000 2.00399 -1.45137 -0.34981
212042.00000 2.00399 -1.45139 -0.34985
212043.00000 2.00400 -1.45132 -0.34985
212044.00000 2.00399 -1.45137 -0.34985
212045.00000 2.00399 -1.45136 -0.34985
212046.00000 2.00399 -1.45138 -0.34981
212047.00000 2.00399 -1.45137 -0.34984
212048.00000 2.00399 -1.45136 -0.34982
212049.00000 2.00399 -1.45137 -0.34983
212050.00000 2.00399 -1.45135 -0.34981
212051.00000 2.00399 -1.45138 -0.34982
212052.00000 2.00399 -1.45137 -0.34981
212053.00000 2.00399 -1.45136 -0.34984
212054.00000 2.00399 -1.45134 -0.34983
212055.00000 2.00399 -1.45134 -0.34984
212056.00000 2.00399 -1.45136 -0.34984
212057.00000 2.00399 -1.45136 -0.34982
212058.00000 2.00399 -1.45137 -0.34984
212059.00000 2.00399 -1.45135 -0.34983
212060.00000 2.00399 -1.45135 -0.34984
212061.00000 2.00399 -1.45134 -0.34984
212062.00000 2.00399 -1.45136 -0.34984
212063.00000 2.00399 -1.45139 -0.34984
212064.00000 2.00399 -1.45136 -0.34983
212065.00000 2.00399 -1.45137 -0.34983
212066.00000 2.00399 -1.45135 -0.34984
212067.00000 2.00399 -1.45136 -0.34983
212068.00000 2.00399 -1.45136 -0.34982
212069.00000 2.00399 -1.45137 -0.34982
212070.00000 2.00399 -1.45136 -0.34982
212071.00000 2.00399 -1.45136 -0.34983
212072.00000 2.00399 -1.45134 -0.34982
212073.00000 2.00399 -1.45135 -0.34980
212074.00000 2.00399 -1.45138 -0.34981
212075.00000 2.00399 -1.45136 -0.34981
212076.00000 2.00399 -1.45136 -0.34983
212077.00000 2.00399 -1.45134 -0.34984
212078.00000 2.00399 -1.45135 -0.34982
212079.00000 2.00399 -1.45137 -0.34983
212080.00000 2.00399 -1.45136 -0.34981
212081.00000 2.00399 -1.45138 -0.34982
212082.00000 2.00399 -1.45136 -0.34984
212083.00000 2.00399 -1.45135 -0.34985
212084.00000 2.00399 -1.45135 -0.34986
212085.00000 2.00399 -1.45136 -0.34984
212086.00000 2.00399 -1.45138 -0.34982
212087.00000 2.00399 -1.45137 -0.34984
212088.00000 2.00399 -1.45136 -0.34983
212089.00000 2.00399 -1.45137 -0.34984
212090.00000 2.00399 -1.45136 -0.34984
212091.00000 2.00399 -1.45137 -0.34982
212092.00000 2.00399 -1.45137 -0.34983
212093.00000 2.00399 -1.45136 -0.34982
212094.00000 2.00399 -1.45135 -0.34985
212095.00000 2.00399 -1.45134 -0.34983
212096.00000 2.00399 -1.45136 -0.34982
212097.00000 2.00399 -1.45137 -0.34981
212098.00000 2.00399 -1.45137 -0.34981
212099.00000 2.00399 -1.45135 -0.34982
212100.00000 2.00399 -1.45135 -0.34983
212101.00000 2.00399 -1.45136 -0.34982
212102.00000 2.00399 -1.45137 -0.34983
212103.00000 2.00399 -1.45137 -0.34982
212104.00000 2.00399 -1.45137 -0.34983
212105.00000 2.00400 -1.45133 -0.34985
212106.00000 2.00399 -1.45135 -0.34983
212107.00000 2.00399 -1.45136 -0.34984
212108.00000 2.00399 -1.45137 -0.34983
212109.00000 2.00399 -1.45136 -0.34984
212110.00000 2.00399 -1.45136 -0.34985
212111.00000 2.00399 -1.45136 -0.34982
212112.00000 2.00399 -1.45135 -0.34984
212113.00000 2.00399 -1.45135 -0.34983
212114.00000 2.00399 -1.45137 -0.34982
212115.00000 2.00399 -1.45138 -0.34982
212116.00000 2.00399 -1.45136 -0.34982
212117.00000 2.00399 -1.45135 -0.34982
212118.00000 2.00400 -1.45134 -0.34982
212119.00000 2.00399 -1.45135 -0.34981
212120.00000 2.00399 -1.45137 -0.34982
212121.00000 2.00399 -1.45137 -0.34981
212122.00000 2.00399 -1.45135 -0.34983
212123.00000 2.00399 -1.45134 -0.34982
212124.00000 2.00399 -1.45135 -0.34982
212125.00000 2.00399 -1.45134 -0.34983
212126.00000 2.00399 -1.45137 -0.34982
212127.00000 2.00399 -1.45136 -0.34983
212128.00000 2.00399 -1.45135 -0.34983
212129.00000 2.00399 -1.45136 -0.34985
212130.00000 2.00399 -1.45137 -0.34983
212131.00000 2.00399 -1.45136 -0.34983
212132.00000 2.00399 -1.45137 -0.34984
212133.00000 2.00399 -1.45137 -0.34984
212134.00000 2.00399 -1.45137 -0.34983
212135.00000 2.00399 -1.45135 -0.34985
212136.00000 2.00399 -1.45136 -0.34984
212137.00000 2.00399 -1.45138 -0.34983
212138.00000 2.00399 -1.45137 -0.34982
212139.00000 2.00399 -1.45136 -0.34982
212140.00000 2.00399 -1.45137 -0.34982
212141.00000 2.00399 -1.45137 -0.34983
212142.00000 2.00399 -1.45137 -0.34982
212143.00000 2.00399 -1.45136 -0.34982
212144.00000 2.00399 -1.45136 -0.34982