213001.00000 2.00399 -1.45136 -0.34982
213002.00000 2.00399 -1.45137 -0.34981
213003.00000 2.00399 -1.45134 -0.34991
213004.00000 2.00398 -1.45142 -0.34969
213005.00000 2.00401 -1.45127 -0.34977
213006.00000 2.00399 -1.45134 -0.34997
213007.00000 2.00397 -1.45144 -0.34992
213008.00000 2.00401 -1.45129 -0.34965
213009.00000 2.00397 -1.45147 -0.34978
213010.00000 2.00402 -1.45122 -0.34984
213011.00000 2.00398 -1.45144 -0.34986
213012.00000 2.00399 -1.45138 -0.34978
213013.00000 2.00398 -1.45140 -0.34974
213014.00000 2.00398 -1.45141 -0.34989
213015.00000 2.00401 -1.45126 -0.34986
213016.00000 2.00398 -1.45143 -0.34983
213017.00000 2.00400 -1.45133 -0.34982
213018.00000 2.00398 -1.45143 -0.34981
213019.00000 2.00399 -1.45136 -0.34982
213020.00000 2.00399 -1.45138 -0.34983
213021.00000 2.00399 -1.45138 -0.34981
213022.00000 2.00401 -1.45128 -0.34984
213023.00000 2.00398 -1.45141 -0.34984
213024.00000 2.00400 -1.45131 -0.34982
213025.00000 2.00398 -1.45141 -0.34981
213026.00000 2.00399 -1.45136 -0.34979
213027.00000 2.00400 -1.45131 -0.34981
213028.00000 2.00399 -1.45137 -0.34983
213029.00000 2.00400 -1.45131 -0.34981
213030.00000 2.00398 -1.45143 -0.34981
213031.00000 2.00399 -1.45136 -0.34979
213032.00000 2.00399 -1.45137 -0.34983
213033.00000 2.00399 -1.45136 -0.34983
213034.00000 2.00399 -1.45134 -0.34982
213035.00000 2.00399 -1.45137 -0.34983
213036.00000 2.00398 -1.45139 -0.34983
213037.00000 2.00399 -1.45138 -0.34982
213038.00000 2.00399 -1.45137 -0.34983
213039.00000 2.00399 -1.45136 -0.34983
213040.00000 2.00399 -1.45135 -0.34983
213041.00000 2.00399 -1.45138 -0.34983
213042.00000 2.00399 -1.45136 -0.34981
213043.00000 2.00399 -1.45138 -0.34983
213044.00000 2.00399 -1.45135 -0.34984
213045.00000 2.00399 -1.45134 -0.34983
213046.00000 2.00399 -1.45137 -0.34984
213047.00000 2.00399 -1.45135 -0.34982
213048.00000 2.00399 -1.45139 -0.34982
213049.00000 2.00399 -1.45135 -0.34983
213050.00000 2.00399 -1.45136 -0.34982
213051.00000 2.00399 -1.45135 -0.34982
213052.00000 2.00399 -1.45136 -0.34982
213053.00000 2.00399 -1.45138 -0.34981
213054.00000 2.00399 -1.45137 -0.34981
213055.00000 2.00399 -1.45139 -0.34983
213056.00000 2.00399 -1.45135 -0.34983