500104	1273.5	713
500204	1273.5031	713.00425
500304	1273.4999	713.0048
500404	1273.4998	713.00643
500504	1273.5021	713.00351
500604	1273.5038	713.00013
500704	1273.5036	713.00521
500804	1273.504	713.00548
500904	1273.5049	713.00966
501004	1273.497	713.0071
501104	1273.5072	713.00523
501204	1273.4967	713.00586
501304	1273.4919	713.00528
501404	1273.5013	713.00468
501504	1273.5017	713.00364
501604	1273.4932	713.00362
501704	1273.5088	713.00656
501804	1273.4614	713.225
501904	1273.4317	712.695
502004	1273.5009	713.211
502104	1273.4742	713.496
502204	1273.3251	712.43
502304	1273.4678	712.783
502404	1273.6876	713.505
502504	1273.2607	713.264
502604	1273.3184	712.705
502704	1273.9204	712.771
502804	1273.4887	713.216
502904	1272.967	713.175
503004	1273.5567	713.0676
503104	1273.8846	713.0147
503204	1273.2874	712.728
503304	1273.0917	713.264
503404	1273.7061	713.272
503504	1273.7785	712.68
503604	1273.279	713.0221
503704	1273.3755	713.248
503804	1273.6298	712.9667
503904	1273.4046	712.9641
504004	1273.313	713.028
504104	1273.5651	713.0696
504204	1273.586	713.0303
504304	1273.2936	712.99515
504404	1273.4673	713.00719
504504	1273.765	712.9614
504604	1273.4764	713.123
504704	1273.1802	713.0322
504804	1273.5198	712.9014
504904	1273.766	713.117
505004	1273.3133	713.0356
505104	1273.1959	712.9394
505204	1273.7463	713.0642
505304	1273.7556	713.00884
505404	1273.1841	712.9371
505504	1273.3251	713.0381
505604	1273.8119	713.107
505704	1273.4941	713.0135
505804	1273.1705	712.9487
505904	1273.5603	713.105
506004	1273.7468	713.0412
506104	1273.3418	712.9755
506204	1273.3588	712.99689
506304	1273.6739	712.9894
506404	1273.488	713.0293
506504	1273.2798	713.0824
506604	1273.528	713.0357
506704	1273.6306	712.99634
506804	1273.321	712.9752
506904	1273.3689	713.0532
507004	1273.7027	713.0604
507104	1273.5468	712.9597
507204	1273.2894	712.9667
507304	1273.4577	713.0486
507404	1273.6494	713.0984
507504	1273.3858	712.99564
507604	1273.3306	712.9618
507704	1273.6285	713.0381
507804	1273.5764	713.0286
507904	1273.3008	712.9761
508004	1273.4719	713.0111
508104	1273.6607	713.0322
508204	1273.4093	713.0169
508304	1273.2873	713.0226
508404	1273.5795	713.0397
508504	1273.5937	713.00502
508604	1273.3642	713.0129
508704	1273.4508	713.00802
508804	1273.6242	713.00337
508904	1273.4277	713.0128
509004	1273.3204	713.0248
509104	1273.5569	713.0187
509204	1273.5769	713.0117
509304	1273.3421	713.00925
509404	1273.4389	713.0134
509504	1273.6647	713.0148
509604	1273.4869	713.0209
509704	1273.2992	713.0129
509804	1273.5316	713.0196
509904	1273.629	713.0315
510004	1273.3658	713.0285
510104	1273.3464	713.0225
510204	1273.6352	713.00354
510304	1273.5584	713.0123
510404	1273.337	713.00126
510504	1273.4495	713.031
510604	1273.617	713.00405
510704	1273.4154	713.0186
510804	1273.341	713.0345
510904	1273.5538	713.0356
511004	1273.5903	712.99056
511104	1273.3739	713.00084
511204	1273.4407	713.0136
511304	1273.59	713.0292
511404	1273.451	713.00132
511504	1273.3664	713.0158
511604	1273.5139	713.039
511704	1273.5544	713.0388
511804	1273.4095	712.99195
511904	1273.4579	713.00324
512004	1273.5995	713.0221
512104	1273.4937	713.0208
512204	1273.3733	713.00412
512304	1273.5019	713.014
512404	1273.5493	713.0312
512504	1273.4102	713.0187
512604	1273.4065	713.0159
512704	1273.5767	713.0116
512804	1273.5149	713.0173
512904	1273.398	713.00935
513004	1273.4632	713.0193
513104	1273.5485	713.0216
513204	1273.4378	713.00127
513304	1273.3918	713.0102
513404	1273.5238	713.0176
513504	1273.5271	713.0168
513604	1273.4301	713.00032
513704	1273.4839	713.0217
513804	1273.5547	713.0322
513904	1273.4551	713.0216
514004	1273.4113	713.00919
514104	1273.5326	713.0342
514204	1273.5232	713.0336
514304	1273.4199	712.99565
514404	1273.4693	713.00303
514504	1273.5528	713.016
514604	1273.4534	713.0211
514704	1273.3964	713.00341
514804	1273.4974	713.0107
514904	1273.5177	713.0161
515004	1273.4067	713.0146
515104	1273.439	713.0077
515204	1273.5553	713.00783
515304	1273.5086	713.00754
515404	1273.4095	713.0205
515504	1273.4798	713.0266
515604	1273.5491	713.0252
515704	1273.4696	713.021
515804	1273.4285	713.03
515904	1273.534	713.0132
516004	1273.5246	713.00894
516104	1273.4431	713.00606
516204	1273.4733	713.0112
516304	1273.5238	713.0178
516404	1273.4538	713.011
516504	1273.4292	713.00356
516604	1273.4949	713.0123
516704	1273.5046	713.0131
516804	1273.4274	712.99833
516904	1273.4527	713.00439
517004	1273.5309	713.0192
517104	1273.4775	713.0151
517204	1273.4226	713.0122
517304	1273.4948	713.0209
517404	1273.5222	713.0179
517504	1273.4586	713.0159
517604	1273.4603	713.0138
517704	1273.5337	713.0145
517804	1273.5022	713.00858
517904	1273.4381	713.0114
518004	1273.4786	713.0202
518104	1273.5341	713.0169
518204	1273.4552	713.0117
518304	1273.4407	713.0184
518404	1273.5006	713.0183
518504	1273.4919	713.0151
518604	1273.4516	713.0044
518704	1273.4584	713.011
518804	1273.4941	713.0259
518904	1273.4529	713.0092
519004	1273.4525	713.00852
519104	1273.5023	713.0164
519204	1273.4899	713.0154
519304	1273.4557	713.00487
519404	1273.4968	713.0159
519504	1273.5138	713.0254
519604	1273.4559	713.0193
519704	1273.4382	713.00887
519804	1273.5021	713.0128
519904	1273.4977	713.0135
520004	1273.4429	713.00998
520104	1273.4711	713.00906
520204	1273.5111	713.00491
520304	1273.4782	713.0138
520404	1273.4294	713.0196
520504	1273.478	713.019
520604	1273.4996	713.0135
520704	1273.4527	713.0141
520804	1273.4667	713.0172
520904	1273.5099	713.0102
521004	1273.4793	713.00857
