151001	143.244	1297.9851
151002	143.24292	1297.9777
151003	143.25351	1297.9763
151004	143.24322	1298.0006
151005	143.23325	1297.9667
151006	143.2417	1297.9788
151007	143.24419	1297.9648
151008	143.22874	1297.978
151009	143.23796	1297.9862
151010	143.23592	1297.973
151011	143.23676	1297.969
151012	143.24493	1297.9712
151013	143.23651	1297.9684
151014	143.24818	1297.9638
151015	143.23205	1297.958
151016	143.22578	1297.9688
151017	143.22215	1297.9578
151018	143.23448	1297.9669
151019	143.24497	1297.9718
151020	143.24381	1297.978
151021	143.23707	1297.963
151022	143.2443	1297.9885
151023	143.2405	1297.9738
151024	143.23596	1297.9641
151025	143.23277	1297.9746
151026	143.22831	1297.9821
151027	143.2469	1297.9859
151028	143.24418	1297.9768
151029	143.15843	1298.0569
151030	143.16867	1298.1981
151031	143.23914	1297.8301
151032	143.49022	1297.8851
151033	143.19129	1297.9956
151034	143.20961	1298.0402
151035	143.29445	1298.0455
151036	143.15527	1297.8511
151037	143.32012	1298.0971
151038	143.15906	1297.9795
151039	143.39991	1297.8964
151040	143.2651	1297.9777
151041	143.26087	1297.9777
151042	143.2598	1297.9777
151043	143.25729	1297.9777
151044	143.35845	1297.9172
151045	143.24025	1297.9532
151046	143.30738	1298.0112
151047	143.1856	1298.0126
151048	143.25116	1298.0248
151049	143.29771	1297.9489
151050	143.24302	1297.9374
151051	143.32484	1297.9964
151052	143.19023	1297.9484
151053	143.26716	1298.0315
151054	143.21873	1297.9714
151055	143.24591	1297.9791
151056	143.31649	1297.984
151057	143.24947	1297.9252
151058	143.25662	1297.9965
151059	143.2506	1298.0095
151060	143.24025	1297.9849
151061	143.26533	1297.9679
151062	143.28457	1297.9573
151063	143.24224	1297.966
151064	143.26103	1297.9887
151065	143.22891	1297.9948
151066	143.25187	1297.9732
151067	143.29325	1297.9746
151068	143.256	1297.9382
151069	143.31135	1298.0014
151070	143.23075	1297.9814
151071	143.26505	1297.9943
151072	143.25964	1297.9871
151073	143.25773	1297.9451
151074	143.28753	1297.9872
151075	143.25283	1297.975
151076	143.26453	1297.9897
151077	143.23309	1298.0028
151078	143.28022	1297.9796
151079	143.25866	1297.9655
151080	143.25688	1297.9675
151081	143.25535	1297.9785
151082	143.23651	1298.0033
151083	143.26445	1297.9904
151084	143.24921	1297.9647
151085	143.27664	1297.9643
151086	143.25348	1297.9645
151087	143.24784	1297.991
151088	143.24579	1297.9795
151089	143.26193	1297.9886
151090	143.27574	1297.9779
151091	143.27634	1297.9693
151092	143.27195	1297.9873
151093	143.24362	1297.9992
151094	143.26111	1297.9989
151095	143.24971	1297.9858
152001	143.244	1297.9851
152002	143.11185	1297.9289
152003	143.14196	1298.1551
152004	143.26584	1297.9057
152005	143.42034	1297.9048
152006	143.1285	1297.9268
152007	143.27902	1298.0753
152008	143.22704	1298.0755
152009	143.19541	1297.8291
152010	143.32899	1298.067
152011	143.16389	1297.9583
152012	143.3603	1298.029
152013	143.20716	1298.0002
152014	143.23766	1297.9285
152015	143.23075	1298.0991
152016	143.21621	1297.9847
152017	143.33039	1297.9595
152018	143.22448	1297.966
152019	143.29194	1298.0066
152020	143.15604	1298.0329
152021	143.26883	1298.0396
152022	143.27254	1297.959
152023	143.25475	1297.9843
152024	143.31614	1298.0145
152025	143.18832	1297.973
152026	143.27008	1298.0554
152027	143.20794	1297.9556
152028	143.25452	1297.9873
152029	143.29379	1297.996
152030	143.21583	1297.9489
152031	143.25783	1298.0187
152032	143.22858	1298.0106
152033	143.23573	1298.0007
152034	143.26562	1297.9563
152035	143.28408	1297.9747
152036	143.22933	1297.9848
152037	143.24161	1298.0233
152038	143.21271	1298.0136
152039	143.25719	1297.9893
152040	143.26637	1297.9989
152041	143.2639	1297.9705
152042	143.27713	1298.0204
152043	143.21176	1297.993
152044	143.25264	1298.0133
152045	143.2449	1297.994
152046	143.27126	1297.972
152047	143.25974	1297.9985
152048	143.24657	1297.9735
152049	143.25504	1298.0043
152050	143.22787	1297.9883
152051	143.27463	1297.9802
152052	143.25379	1297.9742
152053	143.25323	1297.9923
152054	143.22653	1297.9945
152055	143.23148	1298.0093
152056	143.24108	1297.9931
152057	143.23994	1297.9794
152058	143.25868	1297.9919
152059	143.23884	1297.9895
152060	143.23764	1298.0195
152061	143.23543	1298.0055
152062	143.24405	1297.9958
152063	143.27784	1297.9878
152064	143.25746	1297.9771
152065	143.25462	1298.0138
152066	143.23755	1297.9924
152067	143.24582	1298.0093
152068	143.24429	1297.9788
152069	143.25633	1297.984
152070	143.24926	1297.9973
152071	143.24741	1297.9973
152072	143.23626	1297.9936
152073	143.23165	1297.9715
152074	143.26797	1297.9675
152075	143.24924	1297.9734
152076	143.24188	1297.9884
152077	143.23254	1297.9994
152078	143.24063	1297.9843
152079	143.25331	1297.9827
152080	143.25252	1297.9813
152081	143.26575	1297.9809
152082	143.24881	1297.9809
152083	143.23954	1298.0077
152084	143.23982	1298.0046
152085	143.25164	1297.959
152086	143.25941	1297.9843
152087	143.25509	1297.9848
152088	143.24828	1297.9957
152089	143.25238	1298.0007
152090	143.24547	1297.9796
152091	143.25404	1297.9853
152092	143.26462	1297.9814
152093	143.25388	1297.9909
152094	143.22954	1297.9927
152095	143.22611	1297.9964
152096	143.23813	1297.9912
152097	143.26245	1297.9857
152098	143.26083	1297.969
152099	143.24333	1298.0044
152100	143.22882	1297.9963
152101	143.25089	1297.9851
152102	143.25647	1297.9831
152103	143.26175	1297.9792
152104	143.25752	1297.9951
152105	143.22125	1297.9986
152106	143.23876	1297.9844
152107	143.23664	1297.9958
152108	143.2653	1297.9657
152109	143.25211	1297.9761
152110	143.25004	1297.994
152111	143.24431	1297.9964
152112	143.2416	1298.0028
152113	143.23874	1297.9836
152114	143.2561	1297.9908
152115	143.265	1297.9886
152116	143.25214	1297.9775
152117	143.23768	1298.006
152118	143.22412	1298.0038
152119	143.23891	1297.9859
152120	143.24961	1297.9832
152121	143.2614	1297.9622
152122	143.24034	1297.9776
152123	143.22728	1297.9965
152124	143.23868	1297.9882
152125	143.22802	1297.9778
152126	143.25766	1297.9798
152127	143.24851	1297.9815
152128	143.2314	1297.9943
152129	143.24943	1298.0019
152130	143.25218	1298.0008
152131	143.25162	1297.9988
152132	143.25083	1297.9934
152133	143.2511	1297.9992
152134	143.2596	1298.0111
152135	143.23236	1298.0032
152136	143.24721	1298.0039
152137	143.25921	1297.9895
152138	143.25042	1297.9787
152139	143.24886	1297.9872
152140	143.25222	1297.9959
152141	143.25685	1297.9896
152142	143.25681	1297.9866
152143	143.25593	1297.9861
152144	143.24715	1297.994
153001	143.244	1297.9851
153002	143.24959	1297.9813
153003	143.22653	1298.1211
153004	143.30808	1297.897
153005	143.14942	1297.9529
153006	143.22447	1298.0931
153007	143.32103	1298.0808
153008	143.17125	1297.8371
153009	143.35852	1298.0118
153010	143.10442	1298.0231
153011	143.33113	1298.0245
153012	143.27118	1297.9514
153013	143.28913	1297.8811
153014	143.29785	1298.0509
153015	143.15161	1297.9953
153016	143.31762	1297.9728
153017	143.21975	1297.9893
153018	143.31701	1297.9629
153019	143.2489	1298.0081
153020	143.27196	1297.9713
153021	143.27705	1297.9662
153022	143.16263	1298.0223
153023	143.30208	1297.9964
153024	143.19793	1297.9678
153025	143.30301	1297.9888
153026	143.24682	1297.9635
153027	143.20731	1298.0125
153028	143.25621	1298.0082
153029	143.20064	1297.9603
153030	143.3101	1298.0151
153031	143.25045	1297.9683
153032	143.24852	1298.0047
153033	143.25017	1298.0088
153034	143.22685	1297.9962
153035	143.26055	1297.9936
153036	143.28648	1297.9747
153037	143.26694	1297.9789
153038	143.26091	1297.9903
153039	143.24289	1298.0009
153040	143.23691	1298.0018
153041	143.26869	1298.0083
153042	143.2518	1297.9765
153043	143.26844	1297.9916
153044	143.24442	1297.995
153045	143.22698	1297.9856
153046	143.25761	1298.013
153047	143.23287	1297.9793
153048	143.27239	1297.9825
153049	143.22656	1297.9861
153050	143.24971	1298.0046
153051	143.23348	1298.0171
153052	143.25045	1297.9813
153053	143.27035	1297.9828
153054	143.26049	1297.9891
153055	143.27991	1297.9782
153056	143.2372	1297.9804
161001	400.6409	1137.9371
161002	400.63899	1137.9341
161003	400.65431	1137.9228
161004	400.63264	1137.9276
161005	400.63026	1137.9341
161006	400.63835	1137.9355
161007	400.63484	1137.9461
161008	400.62632	1137.9421
161009	400.63376	1137.9469
161010	400.63335	1137.9309
161011	400.63342	1137.9452
161012	400.64396	1137.9386
161013	400.63441	1137.9366
161014	400.64434	1137.9478
161015	400.62901	1137.9417
161016	400.62594	1137.9421
161017	400.61828	1137.943
161018	400.63454	1137.949
161019	400.63955	1137.9333
161020	400.63817	1137.938
161021	400.62925	1137.9391
161022	400.64027	1137.9399
161023	400.63255	1137.9364
161024	400.63728	1137.9387
161025	400.62715	1137.9346
161026	400.62633	1137.9308
161027	400.64123	1137.957
161028	400.63805	1137.9455
161029	400.55377	1138.0042
161030	400.55881	1138.1561
161031	400.63023	1137.8121
161032	400.88234	1137.8472
161033	400.58762	1137.9751
161034	400.60602	1138.0159
161035	400.69277	1138.0288
161036	400.55565	1137.8271
161037	400.71352	1138.0621
161038	400.55576	1137.9528
161039	400.79059	1137.8843
161040	400.65682	1137.9251
161041	400.65688	1137.9251
161042	400.65775	1137.9251
161043	400.66036	1137.9251
161044	400.75349	1137.8748
161045	400.63835	1137.9131
161046	400.7049	1137.9743
161047	400.58156	1137.9636
161048	400.6459	1137.9553
161049	400.69134	1137.8946
161050	400.64088	1137.9266
161051	400.71912	1137.9583
161052	400.59114	1137.9138
161053	400.66341	1137.9904
161054	400.61654	1137.9415
161055	400.64233	1137.9471
161056	400.71457	1137.9541
161057	400.63891	1137.9234
161058	400.66071	1137.971
161059	400.64459	1137.9615
161060	400.63875	1137.9453
161061	400.66564	1137.9454
161062	400.68477	1137.9238
161063	400.63665	1137.9346
161064	400.659	1137.9586
161065	400.62305	1137.9485
161066	400.65183	1137.9316
161067	400.68454	1137.9481
161068	400.65718	1137.9103
161069	400.70536	1137.9598
161070	400.62276	1137.9474
161071	400.65994	1137.9712
161072	400.65122	1137.9488
161073	400.65058	1137.9337
161074	400.68072	1137.9558
161075	400.65195	1137.9464
161076	400.66178	1137.9706
161077	400.62301	1137.963
161078	400.67696	1137.9475
161079	400.64825	1137.9411
161080	400.65399	1137.9562
161081	400.65129	1137.9609
161082	400.63333	1137.9585
161083	400.66159	1137.9682
161084	400.64985	1137.9364
161085	400.67159	1137.9587
161086	400.65004	1137.9395
161087	400.64275	1137.9546
161088	400.64172	1137.9495
161089	400.65275	1137.9429
161090	400.67121	1137.9328
161091	400.67245	1137.929
161092	400.66869	1137.944
161093	400.64062	1137.9497
161094	400.66259	1137.9514
161095	400.64557	1137.9434
162001	400.6409	1137.9371
162002	400.51367	1137.8826
162003	400.54128	1138.1141
162004	400.65944	1137.8599
162005	400.81965	1137.8732
162006	400.52589	1137.9261
162007	400.66887	1138.0471
162008	400.63072	1138.0313
162009	400.59243	1137.8071
162010	400.72582	1138.0264
162011	400.55785	1137.9164
162012	400.75251	1137.9635
162013	400.60248	1137.9327
162014	400.63781	1137.8764
162015	400.63051	1138.0255
162016	400.6113	1137.9361
162017	400.72648	1137.9066
162018	400.62552	1137.9202
162019	400.69044	1137.944
162020	400.55863	1137.9744
162021	400.66028	1137.9683
162022	400.66631	1137.912
162023	400.65161	1137.9242
162024	400.71409	1137.9476
162025	400.58118	1137.9385
162026	400.66824	1137.9775
162027	400.60695	1137.9356
162028	400.65581	1137.9548
162029	400.68804	1137.9399
162030	400.61403	1137.9254
162031	400.65936	1137.9657
162032	400.62534	1137.9577
162033	400.63027	1137.965
162034	400.66155	1137.9439
162035	400.68023	1137.9408
162036	400.62212	1137.9424
162037	400.63895	1137.9606
162038	400.60849	1137.9522
162039	400.65602	1137.9302
162040	400.66499	1137.9478
162041	400.65321	1137.9297
162042	400.67661	1137.9651
162043	400.60274	1137.9425
162044	400.65082	1137.9532
162045	400.63781	1137.9468
162046	400.66633	1137.926
162047	400.66004	1137.9565
162048	400.63895	1137.935
162049	400.64917	1137.9698
162050	400.62819	1137.9546
162051	400.66573	1137.9418
162052	400.65035	1137.9441
162053	400.64989	1137.9484
162054	400.626	1137.9387
162055	400.62644	1137.9575
162056	400.63814	1137.942
162057	400.63601	1137.9287
162058	400.65457	1137.9365
162059	400.63446	1137.9414
162060	400.63337	1137.9467
162061	400.62606	1137.9426
162062	400.64522	1137.9396
162063	400.67094	1137.9367
162064	400.65268	1137.9289
162065	400.65558	1137.9442
162066	400.63483	1137.9283
162067	400.64224	1137.9339
162068	400.63967	1137.9227
162069	400.65478	1137.9414
162070	400.64844	1137.9444
162071	400.64557	1137.9422
162072	400.63261	1137.9494
162073	400.6273	1137.9482
162074	400.66298	1137.9564
162075	400.64024	1137.9413
162076	400.64206	1137.9579
162077	400.62603	1137.958
162078	400.63652	1137.9559
162079	400.6499	1137.9503
162080	400.65311	1137.9405
162081	400.66669	1137.9411
162082	400.64876	1137.9463
162083	400.6437	1137.9423
162084	400.63217	1137.9374
162085	400.65352	1137.9288
162086	400.65786	1137.9441
162087	400.65252	1137.9392
162088	400.64454	1137.9556
162089	400.64907	1137.9379
162090	400.64023	1137.9378
162091	400.6535	1137.9319
162092	400.65724	1137.9353
162093	400.64458	1137.9448
162094	400.62991	1137.9602
162095	400.62834	1137.9585
162096	400.63779	1137.9462
162097	400.65859	1137.9518
162098	400.65282	1137.9372
162099	400.6387	1137.9454
162100	400.62823	1137.9647
162101	400.6427	1137.9551
162102	400.65653	1137.9451
162103	400.661	1137.9306
162104	400.65674	1137.9453
162105	400.61732	1137.9426
162106	400.63475	1137.9516
162107	400.63546	1137.9523
162108	400.66361	1137.9321
162109	400.6481	1137.9389
162110	400.64732	1137.9308
162111	400.64865	1137.9397
162112	400.63232	1137.9436
162113	400.64337	1137.9588
162114	400.6558	1137.9491
162115	400.66024	1137.9442
162116	400.64319	1137.9491
162117	400.63253	1137.9678
162118	400.62039	1137.9623
162119	400.63599	1137.9458
162120	400.6532	1137.9492
162121	400.65618	1137.9484
162122	400.64079	1137.9589
162123	400.63043	1137.9561
162124	400.63861	1137.9523
162125	400.62982	1137.9491
162126	400.66103	1137.9493
162127	400.64082	1137.9458
162128	400.6344	1137.9376
162129	400.64731	1137.944
162130	400.64839	1137.9342
162131	400.65321	1137.9302
162132	400.64313	1137.9405
162133	400.64641	1137.9451
162134	400.65673	1137.9314
162135	400.63251	1137.9523
162136	400.64384	1137.9386
162137	400.66056	1137.9391
162138	400.64706	1137.9543
162139	400.65112	1137.9345
162140	400.64945	1137.9496
162141	400.65099	1137.9591
162142	400.65196	1137.9515
162143	400.65003	1137.9497
162144	400.64708	1137.9456
163001	400.6409	1137.9371
163002	400.64775	1137.9409
163003	400.61982	1137.7991
163004	400.71126	1138.0264
163005	400.55054	1137.9701
163006	400.62795	1137.8301
163007	400.72541	1137.8416
163008	400.5666	1138.0861
163009	400.74967	1137.9098
163010	400.49915	1137.9008
163011	400.72202	1137.8974
163012	400.66997	1137.9714
163013	400.69279	1138.0431
163014	400.6951	1137.8701
163015	400.5445	1137.9261
163016	400.71499	1137.9494
163017	400.61511	1137.934
163018	400.71194	1137.9604
163019	400.64435	1137.9149
163020	400.66701	1137.952
163021	400.6706	1137.9579
163022	400.56221	1137.902
163023	400.69757	1137.9271
163024	400.59739	1137.9553
163025	400.69595	1137.9346
163026	400.64104	1137.9609
163027	400.60403	1137.9104
163028	400.66025	1137.9146
163029	400.59986	1137.9622
163030	400.70887	1137.9091
163031	400.65276	1137.9537
163032	400.64604	1137.9197
163033	400.64995	1137.9141
163034	400.62522	1137.9274
163035	400.65459	1137.9296
163036	400.68157	1137.9478
163037	400.66746	1137.9446
163038	400.65927	1137.9319
163039	400.64204	1137.9217
163040	400.63689	1137.92
163041	400.66549	1137.9141
163042	400.64092	1137.946
163043	400.66698	1137.9309
163044	400.63571	1137.9275
163045	400.62108	1137.9373
163046	400.65533	1137.9092
163047	400.63018	1137.9436
163048	400.67734	1137.9403
163049	400.62526	1137.9377
163050	400.64337	1137.9186
163051	400.63059	1137.9062
163052	400.64181	1137.9409
163053	400.66621	1137.9406
163054	400.65259	1137.9343
163055	400.6777	1137.9447
163056	400.63268	1137.9426
171001	634.0279	1299.2251
171002	634.02852	1299.2267
171003	634.04075	1299.2206
171004	634.01965	1299.2154
171005	634.01435	1299.2247
171006	634.02391	1299.2292
171007	634.02202	1299.2193
171008	634.01576	1299.2227
171009	634.02062	1299.2268
171010	634.01805	1299.2254
171011	634.01538	1299.2282
171012	634.02871	1299.2405
171013	634.02562	1299.2301
171014	634.03074	1299.2305
171015	634.0099	1299.2208
171016	634.01249	1299.2399
171017	634.00659	1299.2295
171018	634.0204	1299.2255
171019	634.03079	1299.2286
171020	634.02588	1299.2345
171021	634.02159	1299.2212
171022	634.02695	1299.2318
171023	634.02056	1299.225
171024	634.01871	1299.2278
171025	634.01979	1299.2216
171026	634.01283	1299.2243
171027	634.02688	1299.2339
171028	634.02248	1299.2245
171029	633.93959	1299.3058
171030	633.9473	1299.4401
171031	634.01873	1299.0941
171032	634.27697	1299.1201
171033	633.97174	1299.2336
171034	633.99799	1299.3066
171035	634.07573	1299.3076
171036	633.94634	1299.1161
171037	634.10362	1299.3511
171038	633.94717	1299.2329
171039	634.18175	1299.1614
171040	634.04163	1299.2135
171041	634.04453	1299.2135
171042	634.04619	1299.2135
171043	634.04121	1299.2135
171044	634.13491	1299.174
171045	634.02069	1299.2088
171046	634.0954	1299.2522
171047	633.96572	1299.2577
171048	634.03632	1299.2542
171049	634.07928	1299.2035
171050	634.03	1299.1974
171051	634.10589	1299.25
171052	633.98107	1299.1994
171053	634.04799	1299.2803
171054	634.0018	1299.2279
171055	634.03403	1299.2193
171056	634.10214	1299.2331
171057	634.02586	1299.1985
171058	634.04314	1299.2504
171059	634.02918	1299.2543
171060	634.02159	1299.2254
171061	634.05064	1299.2193
171062	634.07018	1299.2129
171063	634.02398	1299.2203
171064	634.04599	1299.255
171065	634.00727	1299.2381
171066	634.04171	1299.2289
171067	634.0709	1299.231
171068	634.03951	1299.1975
171069	634.09117	1299.2606
171070	634.01316	1299.2424
171071	634.04555	1299.2402
171072	634.04369	1299.2477
171073	634.03985	1299.2039
171074	634.0654	1299.2337
171075	634.03762	1299.2301
171076	634.04917	1299.2402
171077	634.01593	1299.2378
171078	634.06786	1299.223
171079	634.03997	1299.226
171080	634.04179	1299.2326
171081	634.03836	1299.2372
171082	634.01672	1299.2436
171083	634.05022	1299.2444
171084	634.03223	1299.2165
171085	634.05549	1299.2243
171086	634.03652	1299.2232
171087	634.02535	1299.2438
171088	634.02763	1299.2533
171089	634.04467	1299.234
171090	634.05768	1299.2254
171091	634.06183	1299.2137
171092	634.0563	1299.2515
171093	634.03035	1299.2456
171094	634.04634	1299.2406
171095	634.03416	1299.2302
172001	634.0279	1299.2251
172002	633.90402	1299.1544
172003	633.92772	1299.3971
172004	634.04713	1299.136
172005	634.20498	1299.1371
172006	633.91456	1299.2175
172007	634.0614	1299.3301
172008	634.01464	1299.3281
172009	633.97602	1299.0871
172010	634.11309	1299.292
172011	633.94484	1299.2074
172012	634.14473	1299.2541
172013	633.99252	1299.2228
172014	634.02901	1299.1806
172015	634.01767	1299.3038
172016	633.99942	1299.2232
172017	634.11811	1299.1962
172018	634.01257	1299.2157
172019	634.08138	1299.2358
172020	633.93903	1299.2673
172021	634.05395	1299.2553
172022	634.0535	1299.1996
172023	634.03526	1299.2094
172024	634.09959	1299.2451
172025	633.97086	1299.2128
172026	634.05463	1299.2863
172027	633.9899	1299.216
172028	634.03908	1299.2253
172029	634.07379	1299.232
172030	633.99926	1299.2171
172031	634.04081	1299.2483
172032	634.0144	1299.238
172033	634.01623	1299.2448
172034	634.04151	1299.2177
172035	634.06411	1299.2161
172036	634.01521	1299.2254
172037	634.02411	1299.2608
172038	634.00184	1299.2532
172039	634.04376	1299.2262
172040	634.04572	1299.2265
172041	634.04421	1299.2121
172042	634.05809	1299.2512
172043	633.99419	1299.2415
172044	634.04085	1299.2357
172045	634.02685	1299.2285
172046	634.05405	1299.2134
172047	634.04456	1299.2349
172048	634.02591	1299.2272
172049	634.04063	1299.2503
172050	634.01775	1299.219
172051	634.0563	1299.2245
172052	634.03682	1299.2201
172053	634.03342	1299.2258
172054	634.01048	1299.2358
172055	634.0157	1299.2472
172056	634.02252	1299.2378
172057	634.02399	1299.2173
172058	634.04745	1299.2191
172059	634.0275	1299.231
172060	634.02411	1299.2371
172061	634.01932	1299.2284
172062	634.03217	1299.2201
172063	634.05953	1299.2179
172064	634.03931	1299.2207
172065	634.03859	1299.2353
172066	634.02444	1299.2315
172067	634.03278	1299.2417
172068	634.03292	1299.2243
172069	634.03837	1299.2194
172070	634.03138	1299.2355
172071	634.03266	1299.2404
172072	634.02182	1299.242
172073	634.0192	1299.2381
172074	634.05082	1299.233
172075	634.03166	1299.2147
172076	634.02687	1299.2437
172077	634.01487	1299.2436
172078	634.02279	1299.2274
172079	634.03827	1299.233
172080	634.03814	1299.2123
172081	634.05331	1299.2308
172082	634.03155	1299.2427
172083	634.03038	1299.2393
172084	634.02626	1299.2328
172085	634.03789	1299.2229
172086	634.04683	1299.2179
172087	634.03923	1299.2327
172088	634.03371	1299.2434
172089	634.03577	1299.2437
172090	634.02718	1299.2291
172091	634.03823	1299.2133
172092	634.04439	1299.2264
172093	634.03262	1299.2232
172094	634.01679	1299.2307
172095	634.01437	1299.2452
172096	634.02307	1299.2217
172097	634.04832	1299.2349
172098	634.04658	1299.2253
172099	634.02781	1299.2325
172100	634.01497	1299.2455
172101	634.03224	1299.2413
172102	634.04014	1299.2386
172103	634.04862	1299.2216
172104	634.04022	1299.2345
172105	634.01006	1299.2387
172106	634.01568	1299.2411
172107	634.02415	1299.2374
172108	634.04945	1299.2124
172109	634.03512	1299.2237
172110	634.03536	1299.2391
172111	634.03535	1299.2386
172112	634.01904	1299.2382
172113	634.02872	1299.2338
172114	634.04158	1299.2171
172115	634.04989	1299.2296
172116	634.03528	1299.2384
172117	634.02382	1299.2387
172118	634.01215	1299.241
172119	634.0183	1299.2254
172120	634.03982	1299.2218
172121	634.0405	1299.2235
172122	634.02325	1299.2402
172123	634.01794	1299.2398
172124	634.02429	1299.2353
172125	634.01329	1299.2335
172126	634.04199	1299.2239
172127	634.03229	1299.2221
172128	634.02116	1299.2317
172129	634.03167	1299.2451
172130	634.03489	1299.241
172131	634.03932	1299.2254
172132	634.03803	1299.2217
172133	634.03843	1299.2242
172134	634.03658	1299.2472
172135	634.02014	1299.2414
172136	634.0317	1299.2274
172137	634.04441	1299.2305
172138	634.0324	1299.2346
172139	634.03488	1299.2287
172140	634.03862	1299.2412
172141	634.04276	1299.2226
172142	634.04211	1299.2332
172143	634.03614	1299.2176
172144	634.03074	1299.2357
173001	634.0279	1299.2251
173002	634.0334	1299.2182
173003	634.00809	1299.3701
173004	634.09851	1299.1335
173005	633.93668	1299.2043
173006	634.01149	1299.3401
173007	634.11045	1299.3179
173008	633.95166	1299.0651
173009	634.13817	1299.2511
173010	633.88321	1299.2711
173011	634.10764	1299.2734
173012	634.05748	1299.1882
173013	634.07765	1299.1211
173014	634.08319	1299.3102
173015	633.93318	1299.2538
173016	634.10192	1299.235
173017	634.0016	1299.2353
173018	634.09665	1299.2019
173019	634.03713	1299.2384
173020	634.05567	1299.2226
173021	634.05861	1299.218
173022	633.9482	1299.2483
173023	634.09029	1299.2446
173024	633.9821	1299.2107
173025	634.08408	1299.2269
173026	634.02363	1299.1951
173027	633.98817	1299.257
173028	634.04047	1299.2489
173029	633.98036	1299.2149
173030	634.09459	1299.2349
173031	634.0377	1299.2036
173032	634.03147	1299.2333
173033	634.0337	1299.2527
173034	634.00712	1299.2339
173035	634.04442	1299.2375
173036	634.0651	1299.217
173037	634.0512	1299.2081
173038	634.04605	1299.2341
173039	634.02347	1299.2417
173040	634.01997	1299.237
173041	634.05248	1299.2292
173042	634.03052	1299.1954
173043	634.05354	1299.238
173044	634.02269	1299.2279
173045	634.01013	1299.2412
173046	634.04447	1299.2502
173047	634.01616	1299.2085
173048	634.05921	1299.2248
173049	634.01545	1299.2355
173050	634.0316	1299.2283
173051	634.01093	1299.2461
173052	634.03109	1299.2298
173053	634.05444	1299.2194
173054	634.04349	1299.2177
173055	634.06215	1299.2187
173056	634.0217	1299.2352
181001	909.6443	1139.3408
181002	909.64441	1139.3463
181003	909.65359	1139.3371
181004	909.64078	1139.3416
181005	909.63432	1139.338
181006	909.64147	1139.3443
181007	909.63983	1139.3446
181008	909.63383	1139.3382
181009	909.6339	1139.3489
181010	909.63602	1139.3401
181011	909.63593	1139.3303
181012	909.64513	1139.3425
181013	909.63876	1139.337
181014	909.64296	1139.3418
181015	909.63092	1139.3407
181016	909.63344	1139.331
181017	909.62042	1139.3447
181018	909.63783	1139.3392
181019	909.64646	1139.3372
181020	909.64407	1139.3454
181021	909.63601	1139.3381
181022	909.64411	1139.3523
181023	909.63673	1139.3348
181024	909.63537	1139.34
181025	909.63093	1139.3512
181026	909.62985	1139.34
181027	909.64793	1139.3381
181028	909.64165	1139.3309
181029	909.56128	1139.4124
181030	909.56206	1139.5548
181031	909.63382	1139.2238
181032	909.89305	1139.2438
181033	909.58502	1139.3533
181034	909.60793	1139.4286
181035	909.69703	1139.4245
181036	909.56198	1139.2218
181037	909.71878	1139.4568
181038	909.56075	1139.3599
181039	909.80099	1139.2832
181040	909.66331	1139.3338
181041	909.66298	1139.3338
181042	909.66334	1139.3338
181043	909.66442	1139.3338
181044	909.75917	1139.3069
181045	909.64286	1139.3239
181046	909.71169	1139.3808
181047	909.5802	1139.3636
181048	909.64591	1139.3855
181049	909.69937	1139.3241
181050	909.64053	1139.3192
181051	909.71812	1139.3767
181052	909.59646	1139.3228
181053	909.66804	1139.3935
181054	909.6192	1139.3413
181055	909.6494	1139.3443
181056	909.72265	1139.3468
181057	909.64761	1139.3225
181058	909.65983	1139.3624
181059	909.64746	1139.3672
181060	909.63623	1139.3645
181061	909.6675	1139.3433
181062	909.68655	1139.3449
181063	909.6376	1139.3408
181064	909.66529	1139.3681
181065	909.62758	1139.3561
181066	909.65724	1139.3394
181067	909.69007	1139.3586
181068	909.65564	1139.3224
181069	909.7095	1139.3661
181070	909.63051	1139.3593
181071	909.6637	1139.352
181072	909.65382	1139.3661
181073	909.66104	1139.326
181074	909.68933	1139.346
181075	909.6497	1139.3562
181076	909.67097	1139.3626
181077	909.62937	1139.3652
181078	909.67809	1139.3558
181079	909.65177	1139.3374
181080	909.6562	1139.3601
181081	909.65847	1139.3541
181082	909.63141	1139.3551
181083	909.66712	1139.3533
181084	909.64878	1139.3339
181085	909.67332	1139.3504
181086	909.65077	1139.343
181087	909.64818	1139.3536
181088	909.64514	1139.3562
181089	909.659	1139.346
181090	909.67484	1139.3587
181091	909.67681	1139.3432
181092	909.66577	1139.3564
181093	909.64232	1139.3545
181094	909.66258	1139.3544
181095	909.65308	1139.3446
182001	909.6443	1139.3408
182002	909.51385	1139.2687
182003	909.5453	1139.5088
182004	909.66428	1139.2491
182005	909.82209	1139.257
182006	909.52763	1139.3397
182007	909.67244	1139.4578
182008	909.62709	1139.4428
182009	909.59658	1139.2128
182010	909.72826	1139.4111
182011	909.56084	1139.3452
182012	909.76033	1139.376
182013	909.6107	1139.346
182014	909.63977	1139.3069
182015	909.6338	1139.4181
182016	909.61213	1139.3544
182017	909.72799	1139.3203
182018	909.62421	1139.3396
182019	909.69531	1139.3595
182020	909.56185	1139.372
182021	909.66968	1139.3715
182022	909.66726	1139.3171
182023	909.6492	1139.3275
182024	909.71269	1139.3642
182025	909.58797	1139.3285
182026	909.67213	1139.3867
182027	909.60508	1139.3373
182028	909.66054	1139.3469
182029	909.68963	1139.3528
182030	909.61684	1139.3267
182031	909.65864	1139.3696
182032	909.62775	1139.3446
182033	909.62992	1139.3551
182034	909.66058	1139.3358
182035	909.68014	1139.3438
182036	909.62668	1139.3312
182037	909.64606	1139.3674
182038	909.612	1139.3477
182039	909.66328	1139.341
182040	909.6639	1139.3401
182041	909.66175	1139.3254
182042	909.68008	1139.3782
182043	909.60542	1139.3506
182044	909.65684	1139.3619
182045	909.64294	1139.3551
182046	909.66986	1139.3344
182047	909.66393	1139.3572
182048	909.64388	1139.3525
182049	909.65904	1139.3534
182050	909.63294	1139.355
182051	909.66945	1139.3471
182052	909.65631	1139.3393
182053	909.65401	1139.3458
182054	909.63231	1139.3491
182055	909.63369	1139.3639
182056	909.64112	1139.3591
182057	909.63979	1139.3483
182058	909.66233	1139.352
182059	909.64406	1139.337
182060	909.64294	1139.3521
182061	909.6335	1139.3582
182062	909.64721	1139.3374
182063	909.67784	1139.3448
182064	909.65145	1139.3346
182065	909.65575	1139.3501
182066	909.63816	1139.3598
182067	909.65094	1139.3567
182068	909.64312	1139.3441
182069	909.65698	1139.3486
182070	909.65062	1139.3552
182071	909.64599	1139.3577
182072	909.63483	1139.3609
182073	909.63249	1139.3567
182074	909.66501	1139.3519
182075	909.64451	1139.3349
182076	909.64175	1139.3579
182077	909.62683	1139.3541
182078	909.64403	1139.3602
182079	909.6556	1139.3521
182080	909.65714	1139.3504
182081	909.6666	1139.3499
182082	909.64894	1139.3611
182083	909.64043	1139.35
182084	909.63493	1139.3515
182085	909.65342	1139.3499
182086	909.66109	1139.3469
182087	909.65597	1139.3485
182088	909.65103	1139.3449
182089	909.65567	1139.3556
182090	909.64572	1139.3483
182091	909.65486	1139.3394
182092	909.66287	1139.34
182093	909.64762	1139.3431
182094	909.63218	1139.3582
182095	909.62733	1139.347
182096	909.6445	1139.3452
182097	909.65839	1139.3459
182098	909.66154	1139.3453
182099	909.63931	1139.3436
182100	909.62926	1139.3607
182101	909.64324	1139.3469
182102	909.65384	1139.3484
182103	909.66328	1139.3332
182104	909.65812	1139.3492
182105	909.62628	1139.356
182106	909.63404	1139.3517
182107	909.63739	1139.3544
182108	909.66916	1139.3455
182109	909.65264	1139.3488
182110	909.64855	1139.3434
182111	909.6471	1139.3545
182112	909.64107	1139.3562
182113	909.64056	1139.3428
182114	909.6565	1139.3486
182115	909.66601	1139.3453
182116	909.64663	1139.3367
182117	909.63858	1139.3575
182118	909.62637	1139.359
182119	909.63316	1139.3472
182120	909.65194	1139.3536
182121	909.65633	1139.3536
182122	909.64395	1139.3556
182123	909.63389	1139.3545
182124	909.64078	1139.3488
182125	909.63185	1139.3495
182126	909.66346	1139.3409
182127	909.64804	1139.3384
182128	909.63948	1139.3368
182129	909.65207	1139.3437
182130	909.65296	1139.3489
182131	909.65039	1139.3411
182132	909.6536	1139.3306
182133	909.65115	1139.3501
182134	909.6561	1139.3578
182135	909.63537	1139.3533
182136	909.64911	1139.3586
182137	909.66312	1139.3498
182138	909.65432	1139.3474
182139	909.65629	1139.3447
182140	909.64752	1139.3494
182141	909.6581	1139.3538
182142	909.65492	1139.351
182143	909.65243	1139.3508
182144	909.6503	1139.3463
183001	909.6443	1139.3408
183002	909.64856	1139.3426
183003	909.62302	1139.4868
183004	909.70816	1139.2491
183005	909.54738	1139.3165
183006	909.62731	1139.4778
183007	909.72569	1139.4402
183008	909.56691	1139.1968
183009	909.75266	1139.3568
183010	909.4972	1139.3837
183011	909.73029	1139.3877
183012	909.67192	1139.3154
183013	909.68934	1139.2602
183014	909.70363	1139.4144
183015	909.54678	1139.3764
183016	909.71273	1139.3539
183017	909.62051	1139.3496
183018	909.71244	1139.3288
183019	909.64799	1139.3611
183020	909.66676	1139.3478
183021	909.66936	1139.3399
183022	909.56101	1139.371
183023	909.70092	1139.3731
183024	909.59455	1139.3402
183025	909.7003	1139.355
183026	909.64432	1139.3141
183027	909.60301	1139.3698
183028	909.66373	1139.372
183029	909.5988	1139.3362
183030	909.711	1139.3541
183031	909.65637	1139.3269
183032	909.6539	1139.3586
183033	909.6469	1139.3576
183034	909.62705	1139.3499
183035	909.65957	1139.3448
183036	909.68352	1139.3401
183037	909.66642	1139.3333
183038	909.66289	1139.3477
183039	909.64505	1139.3578
183040	909.63455	1139.3562
183041	909.66704	1139.3504
183042	909.64596	1139.3281
183043	909.67152	1139.3386
183044	909.64585	1139.3522
183045	909.62592	1139.3558
183046	909.65893	1139.3705
183047	909.62886	1139.3297
183048	909.67859	1139.3484
183049	909.63235	1139.3505
183050	909.64886	1139.3522
183051	909.63408	1139.3677
183052	909.64422	1139.3565
183053	909.6697	1139.342
183054	909.65902	1139.3455
183055	909.67606	1139.3512
183056	909.6321	1139.3563
191001	1165.0031	1315.7906
191002	1165.0049	1315.7858
191003	1165.0164	1315.7877
191004	1165.0018	1315.7787
191005	1164.9907	1315.7779
191006	1164.9985	1315.781
191007	1164.9997	1315.7892
191008	1164.987	1315.7813
191009	1164.9891	1315.783
191010	1164.9928	1315.7748
191011	1164.9914	1315.7845
191012	1165	1315.775
191013	1164.9968	1315.7782
191014	1165.0048	1315.7856
191015	1164.985	1315.7798
191016	1164.9861	1315.7826
191017	1164.9802	1315.7821
191018	1164.9947	1315.7851
191019	1165.004	1315.7871
191020	1165.0013	1315.7861
191021	1164.9963	1315.7775
191022	1165.0066	1315.7814
191023	1165.001	1315.7873
191024	1164.996	1315.7739
191025	1164.9948	1315.7998
191026	1164.9852	1315.7772
191027	1165.004	1315.7863
191028	1164.9961	1315.7792
191029	1164.9128	1315.8432
191030	1164.9208	1316.0076
191031	1164.9903	1315.6566
191032	1165.2519	1315.6516
191033	1164.9481	1315.7631
191034	1164.9716	1315.8556
191035	1165.0544	1315.8653
191036	1164.92	1315.6706
191037	1165.0752	1315.8881
191038	1164.9223	1315.7899
191039	1165.156	1315.7059
191040	1165.0169	1315.756
191041	1165.0227	1315.756
191042	1165.0215	1315.756
191043	1165.0191	1315.756
191044	1165.1159	1315.7329
191045	1164.997	1315.7501
191046	1165.0633	1315.8086
191047	1164.9415	1315.8045
191048	1165.0067	1315.806
191049	1165.0547	1315.7499
191050	1165.0027	1315.7461
191051	1165.0793	1315.8129
191052	1164.9501	1315.752
191053	1165.0306	1315.8271
191054	1164.9761	1315.767
191055	1165.0062	1315.7738
191056	1165.0746	1315.7829
191057	1165.0087	1315.7483
191058	1165.0182	1315.7898
191059	1165.01	1315.7874
191060	1164.998	1315.7763
191061	1165.029	1315.7664
191062	1165.0452	1315.7716
191063	1164.996	1315.7698
191064	1165.0203	1315.7982
191065	1164.9829	1315.7995
191066	1165.0169	1315.7829
191067	1165.0479	1315.7894
191068	1165.021	1315.7573
191069	1165.0689	1315.8007
191070	1164.9849	1315.7867
191071	1165.0197	1315.7765
191072	1165.014	1315.7934
191073	1165.0147	1315.759
191074	1165.0409	1315.778
191075	1165.0153	1315.7794
191076	1165.0236	1315.7851
191077	1164.986	1315.79
191078	1165.0393	1315.772
191079	1165.0137	1315.7676
191080	1165.0133	1315.789
191081	1165.0158	1315.7802
191082	1164.9944	1315.7947
191083	1165.0292	1315.803
191084	1165.011	1315.7704
191085	1165.0341	1315.7827
191086	1165.0069	1315.7917
191087	1165.0004	1315.8035
191088	1165.0089	1315.794
191089	1165.0146	1315.7799
191090	1165.0284	1315.7843
191091	1165.0372	1315.7781
191092	1165.0263	1315.7964
191093	1165.0021	1315.7959
191094	1165.0264	1315.783
191095	1165.0107	1315.7754
192001	1165.0031	1315.7906
192002	1164.8743	1315.7202
192003	1164.8976	1315.9586
192004	1165.0214	1315.6906
192005	1165.1813	1315.6999
192006	1164.8896	1315.8124
192007	1165.0375	1315.9246
192008	1164.9878	1315.8946
192009	1164.9537	1315.6596
192010	1165.085	1315.8543
192011	1164.9183	1315.7771
192012	1165.1177	1315.8218
192013	1164.9716	1315.7892
192014	1165.0025	1315.7565
192015	1164.9941	1315.8582
192016	1164.9706	1315.7941
192017	1165.0886	1315.7555
192018	1164.9834	1315.7593
192019	1165.0574	1315.7973
192020	1164.9138	1315.8276
192021	1165.0267	1315.8139
192022	1165.03	1315.7557
192023	1165.0103	1315.7658
192024	1165.0721	1315.8031
192025	1164.9425	1315.7864
192026	1165.0284	1315.8486
192027	1164.9643	1315.7936
192028	1165.0188	1315.7909
192029	1165.0511	1315.7915
192030	1164.9771	1315.775
192031	1165.0162	1315.8288
192032	1164.9866	1315.7957
192033	1164.9886	1315.8072
192034	1165.0208	1315.7776
192035	1165.039	1315.7968
192036	1164.9891	1315.7852
192037	1165.0032	1315.8166
192038	1164.9738	1315.8093
192039	1165.0192	1315.7974
192040	1165.0257	1315.7928
192041	1165.0201	1315.7757
192042	1165.0358	1315.8127
192043	1164.964	1315.7964
192044	1165.0131	1315.8125
192045	1164.9986	1315.7878
192046	1165.0311	1315.774
192047	1165.0241	1315.8014
192048	1165.0036	1315.7895
192049	1165.0187	1315.8181
192050	1164.9899	1315.7973
192051	1165.0324	1315.7927
192052	1165.0144	1315.7863
192053	1165.0076	1315.7997
192054	1164.9879	1315.8077
192055	1164.9885	1315.8114
192056	1164.999	1315.8266
192057	1164.997	1315.7997
192058	1165.0181	1315.8117
192059	1165.0028	1315.7829
192060	1164.9972	1315.8026
192061	1164.9905	1315.7937
192062	1165.0042	1315.7763
192063	1165.0331	1315.815
192064	1165.0156	1315.8035
192065	1165.0134	1315.814
192066	1164.995	1315.8179
192067	1165.0053	1315.8207
192068	1165.0038	1315.7873
192069	1165.0203	1315.7888
192070	1165.0059	1315.7955
192071	1165.0064	1315.7995
192072	1164.9974	1315.8019
192073	1164.9937	1315.7778
192074	1165.0205	1315.7983
192075	1165.0044	1315.7888
192076	1165.0057	1315.7877
192077	1164.9903	1315.8
192078	1165.0052	1315.7932
192079	1165.0148	1315.7808
192080	1165.0167	1315.7784
192081	1165.0213	1315.7835
192082	1165.012	1315.785
192083	1164.9981	1315.7871
192084	1164.9976	1315.7894
192085	1165.0158	1315.7862
192086	1165.0231	1315.7777
192087	1165.0124	1315.7882
192088	1165.0101	1315.7905
192089	1165.0154	1315.8096
192090	1165.005	1315.8065
192091	1165.0193	1315.7852
192092	1165.0204	1315.8003
192093	1165.0092	1315.7926
192094	1164.9952	1315.7998
192095	1164.9896	1315.8057
192096	1165.004	1315.795
192097	1165.0167	1315.7889
192098	1165.0148	1315.8018
192099	1165.0006	1315.8104
192100	1164.9933	1315.814
192101	1165.0041	1315.8086
192102	1165.018	1315.8048
192103	1165.0256	1315.7916
192104	1165.0212	1315.7915
192105	1164.985	1315.804
192106	1164.9969	1315.8132
192107	1164.9971	1315.7995
192108	1165.0218	1315.7903
192109	1165.0072	1315.7901
192110	1165.0082	1315.7904
192111	1165.0041	1315.8009
192112	1164.996	1315.7973
192113	1165.0012	1315.7922
192114	1165.0166	1315.7796
192115	1165.0226	1315.7931
192116	1165.0078	1315.7893
192117	1164.9924	1315.7908
192118	1164.9804	1315.797
192119	1164.9981	1315.7903
192120	1165.0106	1315.7815
192121	1165.0157	1315.7898
192122	1165.0018	1315.7995
192123	1164.9945	1315.8133
192124	1165.0045	1315.8059
192125	1164.9897	1315.7911
192126	1165.0184	1315.7992
192127	1165.0044	1315.7957
192128	1164.9959	1315.7965
192129	1165.0091	1315.8193
192130	1165.0089	1315.8103
192131	1165.0164	1315.8038
192132	1165.0078	1315.7925
192133	1165.0091	1315.7988
192134	1165.0138	1315.8013
192135	1164.9924	1315.7958
192136	1165.008	1315.7991
192137	1165.0218	1315.8036
192138	1165.0113	1315.7933
192139	1165.0084	1315.7951
192140	1165.0072	1315.7929
192141	1165.0178	1315.7934
192142	1165.0125	1315.7836
192143	1165.0154	1315.7768
192144	1165.0053	1315.7844
193001	1165.0031	1315.7906
193002	1165.0072	1315.7765
193003	1164.9829	1315.9236
193004	1165.069	1315.6776
193005	1164.9126	1315.751
193006	1164.9904	1315.9146
193007	1165.0848	1315.882
193008	1164.9316	1315.6266
193009	1165.1127	1315.7868
193010	1164.8565	1315.8298
193011	1165.0883	1315.8307
193012	1165.0295	1315.7586
193013	1165.0514	1315.702
193014	1165.0586	1315.8633
193015	1164.9113	1315.8192
193016	1165.0774	1315.7978
193017	1164.9738	1315.7826
193018	1165.074	1315.7692
193019	1165.0142	1315.8016
193020	1165.0283	1315.7859
193021	1165.0351	1315.7715
193022	1164.9227	1315.8232
193023	1165.0628	1315.7989
193024	1164.9532	1315.7734
193025	1165.0607	1315.7854
193026	1165.0061	1315.769
193027	1164.9661	1315.8115
193028	1165.0166	1315.8126
193029	1164.955	1315.7783
193030	1165.0685	1315.793
193031	1165.0113	1315.7711
193032	1165.0109	1315.8017
193033	1165.0119	1315.8082
193034	1164.9875	1315.7923
193035	1165.0235	1315.7914
193036	1165.0452	1315.7918
193037	1165.023	1315.7777
193038	1165.0225	1315.7985
193039	1165.0009	1315.8077
193040	1164.9982	1315.7922
193041	1165.0317	1315.8024
193042	1165.01	1315.7679
193043	1165.0281	1315.7951
193044	1165.0008	1315.8144
193045	1164.9833	1315.7939
193046	1165.0179	1315.8056
193047	1164.9906	1315.7795
193048	1165.0325	1315.7813
193049	1164.9905	1315.7877
193050	1165.0086	1315.7884
193051	1164.9886	1315.8114
193052	1165.0041	1315.7873
193053	1165.0243	1315.777
193054	1165.0144	1315.7833
193055	1165.033	1315.7834
193056	1164.9907	1315.7887
201001	1420.8043	1148.4365
201002	1420.8033	1148.4372
201003	1420.8137	1148.4319
201004	1420.8023	1148.4303
201005	1420.7946	1148.4336
201006	1420.806	1148.4371
201007	1420.8018	1148.4432
201008	1420.7904	1148.4342
201009	1420.7967	1148.4415
201010	1420.7964	1148.4304
201011	1420.797	1148.4414
201012	1420.8072	1148.4286
201013	1420.7969	1148.4238
201014	1420.8066	1148.4131
201015	1420.789	1148.4374
201016	1420.7909	1148.4327
201017	1420.779	1148.4138
201018	1420.7982	1148.4413
201019	1420.7992	1148.4273
201020	1420.8019	1148.4305
201021	1420.7984	1148.404
201022	1420.8066	1148.4115
201023	1420.8003	1148.4161
201024	1420.795	1148.4243
201025	1420.7917	1148.4281
201026	1420.7862	1148.4042
201027	1420.8082	1148.4286
201028	1420.8033	1148.429
201029	1420.7172	1148.4941
201030	1420.7298	1148.6505
201031	1420.7979	1148.3365
201032	1421.0492	1148.2885
201033	1420.746	1148.424
201034	1420.7683	1148.5194
201035	1420.8577	1148.5265
201036	1420.7177	1148.3225
201037	1420.8799	1148.5415
201038	1420.7178	1148.4565
201039	1420.9592	1148.3791
201040	1420.8176	1148.4171
201041	1420.8231	1148.4171
201042	1420.8181	1148.4171
201043	1420.8253	1148.4171
201044	1420.9161	1148.393
201045	1420.7969	1148.4096
201046	1420.8676	1148.4518
201047	1420.7456	1148.44
201048	1420.8097	1148.4563
201049	1420.8531	1148.4145
201050	1420.8045	1148.4099
201051	1420.8816	1148.464
201052	1420.7513	1148.4106
201053	1420.83	1148.4772
201054	1420.7809	1148.4406
201055	1420.8053	1148.4399
201056	1420.883	1148.4537
201057	1420.8095	1148.4158
201058	1420.8168	1148.4504
201059	1420.8082	1148.4485
201060	1420.8021	1148.4566
201061	1420.8284	1148.4199
201062	1420.8504	1148.4354
201063	1420.7992	1148.4147
201064	1420.8212	1148.4465
201065	1420.7824	1148.4374
201066	1420.8175	1148.43
201067	1420.8546	1148.4517
201068	1420.8182	1148.3977
201069	1420.8681	1148.4537
201070	1420.7915	1148.4276
201071	1420.8241	1148.4397
201072	1420.8142	1148.45
201073	1420.82	1148.4244
201074	1420.8471	1148.4315
201075	1420.8098	1148.4529
201076	1420.8233	1148.4538
201077	1420.7872	1148.4601
201078	1420.838	1148.4453
201079	1420.8181	1148.4236
201080	1420.8199	1148.4481
201081	1420.815	1148.4483
201082	1420.7943	1148.4592
201083	1420.8276	1148.4341
201084	1420.8112	1148.427
201085	1420.8345	1148.4545
201086	1420.8098	1148.417
201087	1420.8019	1148.4459
201088	1420.8043	1148.4408
201089	1420.8214	1148.4467
201090	1420.8314	1148.4282
201091	1420.8359	1148.4351
201092	1420.8286	1148.4401
201093	1420.8034	1148.4551
201094	1420.823	1148.4327
201095	1420.8115	1148.4228
202001	1420.8043	1148.4365
202002	1420.6762	1148.3706
202003	1420.7023	1148.5965
202004	1420.8233	1148.3235
202005	1420.9777	1148.3441
202006	1420.6843	1148.4788
202007	1420.8393	1148.5855
202008	1420.7894	1148.5405
202009	1420.7576	1148.3225
202010	1420.8855	1148.5185
202011	1420.7235	1148.4584
202012	1420.9155	1148.4832
202013	1420.7695	1148.4553
202014	1420.8019	1148.401
202015	1420.7889	1148.5266
202016	1420.7736	1148.4513
202017	1420.8884	1148.4213
202018	1420.7888	1148.4249
202019	1420.8566	1148.4534
202020	1420.7151	1148.4816
202021	1420.8264	1148.4659
202022	1420.8286	1148.4271
202023	1420.8117	1148.4191
202024	1420.8763	1148.4767
202025	1420.747	1148.4426
202026	1420.8304	1148.4938
202027	1420.7707	1148.4483
202028	1420.816	1148.4506
202029	1420.8548	1148.453
202030	1420.7757	1148.426
202031	1420.8235	1148.4753
202032	1420.7901	1148.4522
202033	1420.7896	1148.4807
202034	1420.8241	1148.4435
202035	1420.8455	1148.45
202036	1420.7875	1148.4376
202037	1420.7988	1148.4701
202038	1420.7789	1148.4484
202039	1420.8165	1148.4387
202040	1420.8254	1148.4575
202041	1420.8239	1148.4262
202042	1420.8365	1148.4629
202043	1420.7651	1148.4425
202044	1420.8148	1148.4508
202045	1420.8053	1148.4468
202046	1420.8311	1148.4247
202047	1420.8273	1148.4607
202048	1420.8039	1148.4494
202049	1420.8137	1148.4493
202050	1420.7891	1148.4572
202051	1420.8342	1148.4486
202052	1420.817	1148.443
202053	1420.8142	1148.4546
202054	1420.7857	1148.4422
202055	1420.7933	1148.4573
202056	1420.8021	1148.4494
202057	1420.8017	1148.4457
202058	1420.8232	1148.4616
202059	1420.7973	1148.4211
202060	1420.8007	1148.4493
202061	1420.7895	1148.4348
202062	1420.8031	1148.4339
202063	1420.8377	1148.4476
202064	1420.8146	1148.434
202065	1420.818	1148.444
202066	1420.798	1148.4577
202067	1420.8092	1148.4472
202068	1420.8032	1148.4454
202069	1420.82	1148.4524
202070	1420.8075	1148.4588
202071	1420.806	1148.4595
202072	1420.7995	1148.4744
202073	1420.7959	1148.4514
202074	1420.8243	1148.4707
202075	1420.8051	1148.4601
202076	1420.8012	1148.4614
202077	1420.7901	1148.4711
202078	1420.8072	1148.4672
202079	1420.8162	1148.4629
202080	1420.8134	1148.4521
202081	1420.8274	1148.4551
202082	1420.8112	1148.4553
202083	1420.8032	1148.4589
202084	1420.7957	1148.4487
202085	1420.814	1148.4372
202086	1420.8222	1148.4284
202087	1420.8124	1148.4499
202088	1420.8097	1148.4539
202089	1420.8141	1148.4695
202090	1420.8075	1148.4641
202091	1420.8179	1148.4683
202092	1420.8232	1148.4562
202093	1420.8133	1148.4501
202094	1420.7907	1148.4547
202095	1420.7901	1148.4679
202096	1420.8047	1148.4664
202097	1420.8213	1148.4501
202098	1420.8189	1148.4422
202099	1420.8014	1148.4475
202100	1420.7891	1148.4536
202101	1420.8101	1148.4535
202102	1420.8169	1148.4498
202103	1420.8224	1148.4428
202104	1420.8194	1148.4461
202105	1420.7856	1148.4323
202106	1420.7927	1148.4479
202107	1420.802	1148.4445
202108	1420.8288	1148.4516
202109	1420.813	1148.4289
202110	1420.8043	1148.4392
202111	1420.8122	1148.43
202112	1420.7988	1148.4483
202113	1420.8033	1148.4472
202114	1420.8148	1148.4423
202115	1420.8271	1148.4279
202116	1420.8061	1148.4421
202117	1420.7955	1148.4517
202118	1420.7813	1148.4596
202119	1420.7959	1148.4551
202120	1420.8145	1148.4471
202121	1420.8186	1148.4448
202122	1420.8029	1148.435
202123	1420.7923	1148.4624
202124	1420.7982	1148.4507
202125	1420.7882	1148.4331
202126	1420.8252	1148.4448
202127	1420.8105	1148.434
202128	1420.7997	1148.4592
202129	1420.8083	1148.4471
202130	1420.8167	1148.4416
202131	1420.8147	1148.4404
202132	1420.8116	1148.4414
202133	1420.814	1148.4475
202134	1420.8189	1148.436
202135	1420.7977	1148.4366
202136	1420.8059	1148.4453
202137	1420.8179	1148.4459
202138	1420.8081	1148.4559
202139	1420.8103	1148.461
202140	1420.81	1148.4524
202141	1420.8126	1148.47
202142	1420.8188	1148.4523
202143	1420.8123	1148.4552
202144	1420.8134	1148.4593
203001	1420.8043	1148.4365
203002	1420.8101	1148.4543
203003	1420.7831	1148.5725
203004	1420.8703	1148.3474
203005	1420.7126	1148.4273
203006	1420.7883	1148.5945
203007	1420.8812	1148.5825
203008	1420.726	1148.3115
203009	1420.9166	1148.4579
203010	1420.6635	1148.4878
203011	1420.889	1148.5005
203012	1420.834	1148.4269
203013	1420.8548	1148.3914
203014	1420.8639	1148.5375
203015	1420.7082	1148.4796
203016	1420.8761	1148.4472
203017	1420.7802	1148.4543
203018	1420.8755	1148.4445
203019	1420.813	1148.4787
203020	1420.8276	1148.4781
203021	1420.8374	1148.4423
203022	1420.7201	1148.4751
203023	1420.8638	1148.4917
203024	1420.7624	1148.462
203025	1420.8618	1148.4764
203026	1420.8051	1148.4268
203027	1420.7598	1148.4934
203028	1420.8218	1148.5059
203029	1420.7613	1148.462
203030	1420.8715	1148.4746
203031	1420.8132	1148.4449
203032	1420.8099	1148.475
203033	1420.8068	1148.4904
203034	1420.785	1148.465
203035	1420.8212	1148.484
203036	1420.8444	1148.4815
203037	1420.8298	1148.4705
203038	1420.8191	1148.4728
203039	1420.8025	1148.4984
203040	1420.8024	1148.4627
203041	1420.8296	1148.4619
203042	1420.8051	1148.4655
203043	1420.8323	1148.502
203044	1420.8058	1148.4854
203045	1420.7872	1148.4679
203046	1420.8194	1148.5019
203047	1420.7881	1148.4652
203048	1420.8342	1148.4741
203049	1420.7928	1148.4717
203050	1420.8074	1148.4633
203051	1420.7928	1148.489
203052	1420.8108	1148.4693
203053	1420.8288	1148.4601
203054	1420.8158	1148.4768
203055	1420.8405	1148.4697
203056	1420.7928	1148.4717
211001	1633.1418	1303.1382
211002	1633.1409	1303.1285
211003	1633.1488	1303.1234
211004	1633.1413	1303.1197
211005	1633.1317	1303.1055
211006	1633.1412	1303.1087
211007	1633.1388	1303.1079
211008	1633.1294	1303.0947
211009	1633.1316	1303.0989
211010	1633.1325	1303.0987
211011	1633.1364	1303.0932
211012	1633.1411	1303.1068
211013	1633.1336	1303.1145
211014	1633.1462	1303.1145
211015	1633.1255	1303.1064
211016	1633.1259	1303.1021
211017	1633.118	1303.1015
211018	1633.1373	1303.1152
211019	1633.141	1303.1159
211020	1633.1378	1303.1169
211021	1633.1303	1303.1165
211022	1633.1438	1303.1191
211023	1633.1369	1303.1126
211024	1633.1341	1303.0948
211025	1633.1291	1303.1079
211026	1633.1254	1303.1031
211027	1633.1417	1303.1099
211028	1633.1341	1303.1026
211029	1633.0541	1303.1527
211030	1633.062	1303.3362
211031	1633.1311	1303.0396
211032	1633.3848	1302.9622
211033	1633.0886	1303.088
211034	1633.1051	1303.1876
211035	1633.1949	1303.2074
211036	1633.0551	1303.0032
211037	1633.2141	1303.212
211038	1633.0594	1303.1309
211039	1633.291	1303.048
211040	1633.1611	1303.0919
211041	1633.1604	1303.0919
211042	1633.1624	1303.0919
211043	1633.1552	1303.0919
211044	1633.2544	1303.0795
211045	1633.1382	1303.0946
211046	1633.2086	1303.1567
211047	1633.0799	1303.1462
211048	1633.1499	1303.1531
211049	1633.1904	1303.098
211050	1633.1429	1303.0983
211051	1633.221	1303.1279
211052	1633.0948	1303.082
211053	1633.1638	1303.1443
211054	1633.1183	1303.1068
211055	1633.1459	1303.1064
211056	1633.2145	1303.1037
211057	1633.1468	1303.0789
211058	1633.1542	1303.1106
211059	1633.1448	1303.111
211060	1633.1342	1303.0993
211061	1633.1706	1303.1096
211062	1633.1868	1303.105
211063	1633.1338	1303.1108
211064	1633.1621	1303.1308
211065	1633.1201	1303.1463
211066	1633.149	1303.1316
211067	1633.1861	1303.1335
211068	1633.1582	1303.1087
211069	1633.2038	1303.1389
211070	1633.1209	1303.1312
211071	1633.1652	1303.1192
211072	1633.1529	1303.1177
211073	1633.1568	1303.0987
211074	1633.1862	1303.1065
211075	1633.1515	1303.102
211076	1633.1653	1303.1159
211077	1633.1308	1303.1267
211078	1633.1746	1303.1067
211079	1633.1489	1303.0961
211080	1633.1518	1303.1041
211081	1633.1541	1303.1116
211082	1633.1296	1303.1227
211083	1633.168	1303.1284
211084	1633.1495	1303.115
211085	1633.1733	1303.1228
211086	1633.1513	1303.1194
211087	1633.1442	1303.1281
211088	1633.1477	1303.1314
211089	1633.1555	1303.1205
211090	1633.1685	1303.1108
211091	1633.1717	1303.1197
211092	1633.167	1303.1273
211093	1633.1435	1303.126
211094	1633.1629	1303.1306
211095	1633.1487	1303.1172
212001	1633.1418	1303.1382
212002	1633.011	1303.0921
212003	1633.041	1303.3112
212004	1633.1663	1303.0102
212005	1633.3138	1303.0112
212006	1633.0275	1303.1729
212007	1633.1771	1303.2802
212008	1633.1251	1303.2254
212009	1633.0915	1303.0182
212010	1633.2282	1303.1917
212011	1633.062	1303.136
212012	1633.2574	1303.1711
212013	1633.1072	1303.1649
212014	1633.1396	1303.1091
212015	1633.1288	1303.2251
212016	1633.112	1303.1687
212017	1633.2242	1303.132
212018	1633.1248	1303.1384
212019	1633.1953	1303.1708
212020	1633.0586	1303.1845
212021	1633.1612	1303.1829
212022	1633.1711	1303.1172
212023	1633.1475	1303.1314
212024	1633.2162	1303.1674
212025	1633.0822	1303.1389
212026	1633.1642	1303.1818
212027	1633.1027	1303.1425
212028	1633.155	1303.1381
212029	1633.1921	1303.1507
212030	1633.1105	1303.1309
212031	1633.1546	1303.1719
212032	1633.1233	1303.1524
212033	1633.1329	1303.1537
212034	1633.1618	1303.132
212035	1633.1803	1303.1534
212036	1633.1294	1303.1508
212037	1633.1394	1303.1762
212038	1633.1174	1303.1776
212039	1633.1554	1303.1474
212040	1633.1641	1303.1738
212041	1633.1587	1303.1325
212042	1633.172	1303.1716
212043	1633.1045	1303.1698
212044	1633.1543	1303.1701
212045	1633.1438	1303.1676
212046	1633.1671	1303.1302
212047	1633.1604	1303.1566
212048	1633.1443	1303.1428
212049	1633.1572	1303.1524
212050	1633.1332	1303.1353
212051	1633.1682	1303.1376
212052	1633.1519	1303.1284
212053	1633.149	1303.1578
212054	1633.1261	1303.1537
212055	1633.1302	1303.1611
212056	1633.1421	1303.1571
212057	1633.142	1303.1449
212058	1633.1548	1303.1618
212059	1633.137	1303.1489
212060	1633.1391	1303.1646
212061	1633.1282	1303.1637
212062	1633.1425	1303.1607
212063	1633.1744	1303.1586
212064	1633.1494	1303.1502
212065	1633.1529	1303.1556
212066	1633.1373	1303.1574
212067	1633.1445	1303.1482
212068	1633.1406	1303.1412
212069	1633.1563	1303.1409
212070	1633.1458	1303.1397
212071	1633.1431	1303.1475
212072	1633.1291	1303.1408
212073	1633.1329	1303.1256
212074	1633.1626	1303.134
212075	1633.1442	1303.1321
212076	1633.141	1303.1466
212077	1633.1257	1303.1587
212078	1633.14	1303.1422
212079	1633.1522	1303.1482
212080	1633.1487	1303.1295
212081	1633.161	1303.1429
212082	1633.1458	1303.1622
212083	1633.1374	1303.1692
212084	1633.1328	1303.1825
212085	1633.1506	1303.1562
212086	1633.1612	1303.1433
212087	1633.1532	1303.1576
212088	1633.1481	1303.1531
212089	1633.1545	1303.1632
212090	1633.1436	1303.1563
212091	1633.1574	1303.1387
212092	1633.1586	1303.1466
212093	1633.1466	1303.1362
212094	1633.1344	1303.1668
212095	1633.1291	1303.1541
212096	1633.1422	1303.1377
212097	1633.1558	1303.1292
212098	1633.1603	1303.1281
212099	1633.1403	1303.1425
212100	1633.1327	1303.1531
212101	1633.1452	1303.1455
212102	1633.1528	1303.1495
212103	1633.1598	1303.137
212104	1633.1573	1303.1485
212105	1633.1193	1303.167
212106	1633.1363	1303.1556
212107	1633.1423	1303.1586
212108	1633.1606	1303.152
212109	1633.1475	1303.1563
212110	1633.1493	1303.174
212111	1633.1452	1303.1399
212112	1633.136	1303.1634
212113	1633.137	1303.155
212114	1633.1563	1303.1375
212115	1633.1618	1303.1443
212116	1633.1455	1303.1364
212117	1633.1382	1303.1409
212118	1633.1236	1303.138
212119	1633.1326	1303.1329
212120	1633.1527	1303.1436
212121	1633.1546	1303.1332
212122	1633.1368	1303.1477
212123	1633.1291	1303.1403
212124	1633.1368	1303.1414
212125	1633.126	1303.1498
212126	1633.1576	1303.1451
212127	1633.1442	1303.1553
212128	1633.1329	1303.1555
212129	1633.1508	1303.17
212130	1633.1529	1303.155
212131	1633.1495	1303.1481
212132	1633.1517	1303.157
212133	1633.1525	1303.1644
212134	1633.1569	1303.1555
212135	1633.1345	1303.1693
212136	1633.1407	1303.1591
212137	1633.1619	1303.1553
212138	1633.1507	1303.1412
212139	1633.147	1303.1413
212140	1633.1525	1303.1373
212141	1633.1525	1303.1535
212142	1633.1561	1303.1408
212143	1633.1486	1303.1455
212144	1633.1429	1303.1452
213001	1633.1418	1303.1382
213002	1633.1514	1303.1319
213003	1633.1211	1303.2347
213004	1633.2057	1303.0082
213005	1633.0489	1303.0917
213006	1633.1255	1303.2942
213007	1633.226	1303.2402
213008	1633.0705	1302.9682
213009	1633.2548	1303.1001
213010	1633.0021	1303.1606
213011	1633.2231	1303.186
213012	1633.1659	1303.0994
213013	1633.1859	1303.0569
213014	1633.1959	1303.2118
213015	1633.0479	1303.1805
213016	1633.2117	1303.1477
213017	1633.1188	1303.1418
213018	1633.2141	1303.128
213019	1633.1465	1303.1413
213020	1633.1655	1303.1465
213021	1633.1679	1303.1357
213022	1633.0616	1303.1574
213023	1633.199	1303.166
213024	1633.0989	1303.1373
213025	1633.1955	1303.1349
213026	1633.1446	1303.1077
213027	1633.0992	1303.1331
213028	1633.1592	1303.1534
213029	1633.0931	1303.1281
213030	1633.2131	1303.1357
213031	1633.1489	1303.108
213032	1633.1535	1303.1483
213033	1633.148	1303.1539
213034	1633.1251	1303.1428
213035	1633.1569	1303.1488
213036	1633.1808	1303.1552
213037	1633.1646	1303.138
213038	1633.1574	1303.1533
213039	1633.1406	1303.1504
213040	1633.1332	1303.1463
213041	1633.1661	1303.151
213042	1633.1469	1303.1265
213043	1633.1691	1303.1463
213044	1633.1372	1303.162
213045	1633.1279	1303.151
213046	1633.1571	1303.1571
213047	1633.1337	1303.137
213048	1633.1725	1303.1431
213049	1633.1317	1303.1475
213050	1633.1449	1303.1404
213051	1633.1302	1303.1414
213052	1633.1419	1303.1431
213053	1633.1655	1303.1279
213054	1633.1601	1303.1318
213055	1633.1755	1303.1529
213056	1633.1337	1303.1555